label_id	archetype 1_archetype_CFOR_probabilities	archetype 2_archetype_CFOR_probabilities	archetype 3_archetype_CFOR_probabilities	archetype 4_archetype_CFOR_probabilities
1	0.0707504322958259	0.2321054664591979	0.5078939891118096	0.1892501121331668
2	0.8738748539965107	0.0310118571350817	0.0844876876447631	0.0106256012236447
3	0.590883258640315	0.1172305795763899	0.287504182485065	0.0043819792982299
4	0.8982929683084433	0.0367884831245661	0.061267992633376	0.0036505559336143
5	0.4110538986889573	0.3205227154595322	0.2247039899241176	0.0437193959273925
6	0.8928911442035171	0.0149327893146054	0.0856779648720471	0.0064981016098303
7	0.777067518340777	0.0498762793877907	0.1549660054400911	0.0180901968313412
8	0.9059492477367403	0.0228025424472388	0.0670003101504606	0.0042478996655604
9	0.7800639757994643	0.0615343342245996	0.1334415305015093	0.0249601594744267
10	0.7466746553549001	0.088640279883017	0.1535759652810664	0.0111090994810165
11	0.2147592607320805	0.4826771557959102	0.2365927042449525	0.0659708792270563
12	0.4998379203241265	0.2847301844830378	0.206103388847432	0.0093285063454034
13	0.8524920973572291	0.0373909724071798	0.0990605237502218	0.0110564064853691
14	0.2707474592761962	0.4442104822386933	0.2275444936378995	0.0574975648472108
15	0.0342938924423633	0.7151919859955557	0.2222072863794978	0.0283068351825832
16	0.5277438226898814	0.2525498286031307	0.2138250862749266	0.0058812624320609
17	0.0346841642806512	0.1053328494505299	0.5455816342026771	0.3144013520661414
18	0.3851590641099531	0.0790763301056496	0.3192208798472623	0.216543725937135
19	0.8763849103663457	0.034503944186436	0.0818632661929628	0.0072478792542553
20	0.7440458227461028	0.0798239100069296	0.1384251356257586	0.0377051316212094
21	0.4517289197940247	0.3886349472163529	0.1509423507426961	0.0086937822469262
22	0.7966225767684318	0.1002090766535868	0.0948543115799658	0.0083140349980154
23	0.7697014861047645	0.0814281910898133	0.1420502068645485	0.0068201159408733
24	0.5633425205673984	0.229917436859429	0.1281744203023675	0.0785656222708051
25	0.6466008227135092	0.1261399718595318	0.2166375268756281	0.0106216785513308
26	0.0716529959792587	0.6815360825434675	0.1332848521269902	0.1135260693502832
27	0.3779938683130191	0.2109289638697796	0.33321003560482	0.0778671322123814
28	0.6906889463651097	0.1082749103863168	0.1858585811238405	0.0151775621247328
29	0.1433441777736619	0.7006196651967178	0.1232684965944326	0.0327676604351873
30	0.1019756760849539	0.7908223998653909	0.0970075200434137	0.0101944040062409
31	0.4737266570588585	0.3565934261572879	0.1193877444090666	0.0502921723747868
32	0.9438189614517372	0.0030349727650084	0.0511840934123188	0.0019619723709354
33	0.8616021793396544	0.0211573151539239	0.0971275152841501	0.0201129902222716
34	0.5220331692011161	0.151023402758628	0.3142699686328274	0.0126734594074283
35	0.2115455603509321	0.1732291611130959	0.198094453048321	0.4171308254876503
36	0.3769009434192716	0.369958912822794	0.1366928177344784	0.1164473260234552
37	0.8157945253056524	0.0926031328177817	0.0871081056600042	0.0044942362165618
38	0.038917421538122	0.6484040084496131	0.2783770997657005	0.0343014702465642
39	0.7903400503966181	0.0547830126418767	0.1120577928517635	0.0428191441097416
40	0.7518799453160174	0.1114060247485124	0.1051645389647841	0.0315494909706857
41	0.6676569076895444	0.1139922616318979	0.1049160591683984	0.1134347715101592
42	0.1415380412873056	0.4163374889118664	0.2216546572836189	0.2204698125172089
43	0.0449845091293794	0.4330900949182159	0.390439095691688	0.1314863002607166
44	0.5875327266967014	0.1727703404184333	0.1284516048047646	0.1112453280801005
45	0.1348436828036386	0.4943488843932341	0.2748645316065742	0.095942901196553
46	0.6287690901712398	0.1765363891028997	0.1438081153790382	0.0508864053468222
47	0.0795879388505808	0.7323253591131963	0.1217192543330418	0.066367447703181
48	0.0411830626770811	0.6218005785161201	0.3204453621437902	0.0165709966630084
49	0.7835722696522653	0.1268503220358327	0.0764250281231711	0.0131523801887306
50	0.6526102869074328	0.1307480138164825	0.1931083634477725	0.0235333358283122
51	0.7257870186826969	0.1588042367839658	0.0969384760064484	0.0184702685268886
52	0.5665963046611414	0.2378211723362721	0.1035547279382234	0.0920277950643629
53	0.4748322636905944	0.0349451444317535	0.2891463455273476	0.2010762463503044
54	0.9342730971997372	0.013139855088597	0.0446210578861642	0.0079659898255015
55	0.6607564555194224	0.1789811041787056	0.1017494376899523	0.0585130026119195
56	0.0315042954693364	0.7296704885701515	0.0952077428519721	0.1436174731085399
57	0.0169952212824513	0.1561047011581803	0.2174969258123165	0.6094031517470516
58	0.3504972171016843	0.3127703589510985	0.1737579910157823	0.1629744329314348
59	0.0234697963723096	0.2716734519336409	0.1866980091650551	0.5181587425289945
60	0.1019203557969377	0.6417669766557258	0.2230791753088538	0.0332334922384821
61	0.8854362831112274	0.0218803146633971	0.0826521487001927	0.0100312535251826
62	0.6767932716810191	0.0691331155006935	0.1420346948365184	0.1120389179817689
63	0.8006335794780381	0.0506392210776497	0.1248528448808541	0.0238743545634579
64	0.1570351160503533	0.3806461436900459	0.2199415163648927	0.2423772238947082
65	0.1489203183954932	0.5733450877404677	0.2138331323325619	0.0639014615314771
66	0.1431187413490804	0.349556301979547	0.1807568898681237	0.3265680668032487
67	0.170168081494328	0.5276451075647722	0.2794118470846051	0.0227749638562948
68	0.9378038921430766	0.020370800190331	0.0371638011887201	0.0046615064778722
69	0.8055070763773416	0.1044104000204093	0.0722184506537375	0.0178640729485115
70	0.0421047041409978	0.1001820269324297	0.130652884232245	0.7270603846943274
71	0.6358203930871956	0.2573138320640888	0.0959830884670984	0.0108826863816169
72	0.1369720965599506	0.134842619968338	0.6931793111984955	0.0350059722732159
73	0.0235095732706736	0.7487524016310642	0.1205542888360804	0.1071837362621819
74	0.3426829716510711	0.2578743770301964	0.2542314776205977	0.1452111736981352
75	0.355219280249459	0.1892490147451666	0.436826317681407	0.0187053873239675
76	0.0604206792965514	0.3700695304371109	0.3678420129426457	0.2016677773236919
77	0.036507050629691	0.7653585226475056	0.1688796213675762	0.0292548053552269
78	0.0272028335071147	0.3441485596264801	0.3326523729097516	0.2959962339566534
79	0.0378742793988092	0.6804784198632245	0.2676215393253587	0.0140257614126077
80	0.9506334503142294	0.003290406861237	0.03356190772973	0.0125142350948039
81	0.1805439734065795	0.2970055595987934	0.3013273322806777	0.2211231347139489
82	0.0544607211439688	0.5457184893483368	0.3602668716205363	0.0395539178871581
83	0.1050322316533991	0.6795303485982559	0.1750823488064035	0.040355070941941
84	0.0758857568604271	0.1568944353866878	0.4385454999090667	0.3286743078438181
85	0.1049112189061109	0.5532487534099072	0.2776511733751456	0.0641888543088363
86	0.1698204759491163	0.4362752740455864	0.2513517169335401	0.1425525330717572
87	0.6811307237577432	0.1717236818605545	0.1292103638284165	0.0179352305532853
88	0.0262031932901893	0.8238452479668761	0.0931666956630345	0.0567848630799001
89	0.2859058884393538	0.3112214937916193	0.3769735276313243	0.0258990901377025
90	0.0126406823204693	0.1375186079298259	0.3068958082851798	0.5429449014645252
91	0.1785937514883099	0.1505149265375146	0.3533192477358892	0.317572074238286
92	0.3584279942257218	0.2531422681464317	0.2952145013559833	0.093215236271863
93	0.0210051752317051	0.8022550505109061	0.1324601544689136	0.0442796197884751
94	0.1289424384611184	0.5583220954384348	0.2035149222356073	0.109220543864839
95	0.2158237822101683	0.2084054371292489	0.2553656010794093	0.3204051795811731
96	0.0519877470885119	0.6126786718704937	0.1370984861216425	0.1982350949193519
97	0.7218233223508413	0.068883598677495	0.1811323456175238	0.0281607333541398
98	0.126943249406784	0.6623387451783306	0.2041120198340279	0.0066059855808574
99	0.9544566569293216	0.0072054204646431	0.031204116226635	0.0071338063794003
100	0.1330683118871654	0.4754174007510099	0.2677074860641662	0.1238068012976582
101	0.0268332264951702	0.7923809239836329	0.1455169272978853	0.0352689222233113
102	0.2079176482615383	0.4340532656820035	0.3067785485807914	0.051250537475667
103	0.1367018600451187	0.4316745770020417	0.3747544143231796	0.05686914862966
104	0.141261146053462	0.6687082926830171	0.1133191620614103	0.0767113992021104
105	0.0444132874672781	0.5522150577897276	0.2442341540558951	0.159137500687099
106	0.3232304959304584	0.3641833403091489	0.2400951855783913	0.0724909781820011
107	0.6885594428702113	0.0695989645170157	0.1614357313013711	0.0804058613114018
108	0.0140052232733511	0.6313291883488159	0.146977562519266	0.2076880258585665
109	0.7781482440022507	0.039025914405019	0.1486228129080821	0.0342030286846478
110	0.1046268956832164	0.4184500152410097	0.4593148827548308	0.0176082063209433
111	0.6016270790772438	0.091169752617233	0.3022292255809565	0.0049739427245666
112	0.8505525561107298	0.0031033697990525	0.1371490998718465	0.009194974218371
113	0.0688349963695498	0.2325100573152309	0.1840803327396052	0.5145746135756141
114	0.3697776659164205	0.3045255404382258	0.2071763366806777	0.1185204569646763
115	0.3074158138397729	0.478956196578864	0.1458408594303035	0.0677871301510593
116	0.0273333680668093	0.8247129651152864	0.0953377387675223	0.0526159280503819
117	0.0685798764347401	0.5116012093413768	0.2005600091614181	0.2192589050624653
118	0.1480691291615425	0.6432748631885084	0.1771946559485976	0.0314613517013514
119	0.021506434609378	0.4350659749129725	0.5088175420153157	0.0346100484623339
120	0.0327415420438839	0.0551022318491567	0.1534628515233189	0.7586933745836404
121	0.8543589739441465	0.0044212228230545	0.1156160921285219	0.0256037111042768
122	0.0530778099733715	0.1641342483142336	0.2802624847077116	0.5025254570046829
123	0.091341535430499	0.4107661632892679	0.2530748709927889	0.2448174302874439
124	0.045754464957982	0.7043431944988537	0.1742749079235127	0.0756274326196517
125	0.0303958458222391	0.5073413217229785	0.1703323843614717	0.2919304480933109
126	0.0188310486858993	0.4817677952715544	0.3145755845342267	0.1848255715083194
127	0.0190225393386562	0.2672323174592797	0.2012206137925953	0.5125245294094689
128	0.0163087651348094	0.1137233170850456	0.1359247690731422	0.7340431487070025
129	0.0180997240241261	0.7529364339076058	0.1789530968281318	0.0500107452401359
130	0.0296112707179944	0.7185418763723218	0.1787779751190022	0.0730688777906815
131	0.0382552932685933	0.2992359473884937	0.1870464384355505	0.4754623209073623
132	0.033007270572729	0.5621056520172584	0.2516783410662978	0.1532087363437147
133	0.0465150250859709	0.6105995924841413	0.2729722923204155	0.069913090109472
134	0.065657044107977	0.4268845715440443	0.3183109365789454	0.1891474477690333
135	0.0271735297925571	0.3322099705683294	0.156385807851399	0.4842306917877141
136	0.2645695127777753	0.3343858266785079	0.3793154938628613	0.0217291666808553
137	0.0226080590310775	0.3973979155371562	0.3325148071428391	0.2474792182889271
138	0.0319491221014051	0.4806269983390345	0.358547753218576	0.1288761263409843
139	0.0138506134254526	0.4129297380387602	0.1555191359748019	0.4177005125609852
140	0.0137706666869866	0.6756656622935105	0.1395806608190244	0.1709830102004781
