label_id	archetype 1	archetype 2	archetype 3	archetype 4
1	0.0068526255590433	0.8693709664156589	0.1144487920040158	0.0093276160212818
2	0.0149396614264483	0.1050986630739966	0.0356247268105616	0.8443369486889934
3	0.0084221475008722	0.0991904953831447	0.040383917487654	0.8520034396283291
4	0.1775530138001161	0.4395413078980135	0.319450211172486	0.0634554671293844
5	0.0393018087800812	0.4793557695114059	0.3406273333871458	0.140715088321367
6	0.0066938674087703	0.8293621570977913	0.1611025118167016	0.0028414636767366
7	0.0728150607375434	0.1956180837101382	0.3384933039911725	0.3930735515611454
8	0.0093486963960315	0.8594900587664217	0.1292443154275908	0.0019169294099558
9	0.009852449206054	0.8451776427111676	0.1430870840999291	0.001882823982849
10	0.0002353706184904	0.0040298098681861	0.0064669196341435	0.9892678998791798
11	0.5621197458309722	0.0132946786547425	0.1799911765564154	0.2445943989578696
12	0.0020013743206175	0.9385951140466666	0.0579103434119093	0.0014931682208061
13	0.0443592108131728	0.6761913033832633	0.2608157209979647	0.0186337648055992
14	0.0637900436989039	0.0436151417746292	0.1191638457607469	0.77343096876572
15	0.0115474859637486	0.5398320307384673	0.2806252877548412	0.1679951955429425
16	0.7465202561144304	0.0275203614121537	0.1863829851179269	0.0395763973554888
17	0.008294290575451	0.2382851856109951	0.0871641163720589	0.6662564074414947
18	0.0017777689282459	0.8302540564747758	0.1640759658140313	0.0038922087829469
19	0.0042210408390047	0.0018226140225637	0.0085008711057163	0.9854554740327148
20	0.129242275838112	0.7973307744452978	0.0677790425537488	0.0056479071628412
21	0.0425674825972967	0.2749912470088095	0.1509541487353665	0.5314871216585272
22	0.0042462786179185	0.8807641665733571	0.1034192704875018	0.0115702843212226
23	0.0189642589131667	0.7800795933073693	0.1924252744362321	0.0085308733432321
24	0.0342258334590813	0.4480942635234464	0.5099760174904253	0.0077038855270468
25	0.2071088185739351	0.5230102442552497	0.2214503830749744	0.0484305540958409
26	0.0053125601354712	0.8767992756959582	0.1147413816171045	0.0031467825514661
27	0.0451349425572445	0.8190363408105568	0.1257965036253177	0.0100322130068809
28	0.0080223104869079	0.7115019683699229	0.2493659680191279	0.0311097531240413
29	0.0145869200389859	0.7887253208219122	0.1813947459651083	0.0152930131739937
30	0.8853641187231971	0.0105994541591135	0.1015003098267302	0.0025361172909585
31	0.0031367689174391	0.9158580805001464	0.0796127747830936	0.0013923757993209
32	0.0180813345182789	0.7529928483128491	0.2181172364979389	0.0108085806709331
33	0.196794515554836	0.1937602503365807	0.5743305909989654	0.0351146431096178
34	0.0104209137196738	0.8704155589508006	0.1145497579324684	0.0046137693970569
35	0.7826662231805828	0.0580009845061319	0.0803213750729665	0.0790114172403185
36	0.0078475718342453	0.8274685538711052	0.1579654685664783	0.0067184057281712
37	0.0119958809087498	0.8757595322948402	0.1074032307706983	0.0048413560257117
38	0.0299231837503015	0.7698262366006231	0.1960228192244346	0.0042277604246404
39	0.6082657401133458	0.1448469369669507	0.210309712766967	0.0365776101527361
40	0.8813520427514236	0.0154476331419133	0.0786069946424932	0.0245933294641699
41	0.0188923425638383	0.880630192409674	0.0974397012497078	0.0030377637767797
42	0.0409542000725888	0.5426931114242813	0.3914340931118394	0.0249185953912902
43	0.3981731854980882	0.03126677814545	0.5565278600808709	0.0140321762755908
44	0.8850339367899207	0.0453205540397356	0.0642522287075679	0.0053932804627756
45	0.0136553320804625	0.8846807945703062	0.1002221925110234	0.0014416808382078
46	0.0045262518180538	0.8365918482400163	0.151580748609492	0.0073011513324378
47	0.0998361919506239	0.76548333099297	0.1310590482491283	0.0036214288072779
48	0.3608204467421453	0.0265502602795641	0.3457677970028144	0.2668614959754758
49	0.7749300718780204	0.0717140290844002	0.1324054971993037	0.0209504018382756
50	0.0122586420866007	0.6919860712940944	0.2923124823797014	0.0034428042396033
51	0.4536978259882651	0.3085110564035372	0.2235111610798779	0.0142799565283198
52	0.4612189377140044	0.2449953096358654	0.2838358834174065	0.0099498692327235
53	0.9233999572309736	0.0367023408092666	0.0333437359962333	0.0065539659635263
54	0.0007769003565058	0.0768904591190619	0.0578639744215475	0.8644686661028849
55	0.4186826301162947	0.0631680378265604	0.5138395296916304	0.0043098023655144
56	0.8422974204282956	0.0996249388950039	0.0424880054264451	0.0155896352502552
57	0.0110325677174272	0.7269871680103918	0.2579123974785311	0.0040678667936498
58	0.8196470250743974	0.0496579789372074	0.1220951825148975	0.0085998134734978
59	0.3879927855913716	0.2933880702803206	0.1681263343569756	0.1504928097713321
60	0.6354072080774832	0.1735905180420079	0.1749804046951307	0.0160218691853785
61	0.0111445421746385	0.7337196219921015	0.2410788729413548	0.0140569628919051
62	0.1111433991885432	0.0943463578543215	0.2517662353638488	0.5427440075932864
63	0.2815745725597456	0.461007235992392	0.2357488367813794	0.0216693546664829
64	0.1596997866746356	0.0753004621977768	0.6984172380043099	0.0665825131232776
65	0.92199693715719	0.0235302107489457	0.0490944084210736	0.0053784436727906
66	0.0218037760597292	0.4869749643514304	0.4648598666378921	0.0263613929509482
67	0.9558010029366482	0.0294990268056831	0.0108720578485274	0.003827912409141
68	0.1082038075704851	0.3276311096661816	0.5402836274822723	0.0238814552810609
69	0.5174809979985542	0.1014812114008444	0.3170199309447394	0.0640178596558617
70	0.0104788278752871	0.8123187643264795	0.1662288780889864	0.0109735297092465
71	0.0327079119398681	0.6132148562962334	0.3281384281893738	0.0259388035745247
72	0.613912610720985	0.2149426096784145	0.163974631742085	0.0071701478585152
73	0.0301481096372537	0.654622321846834	0.2726670506804312	0.0425625178354811
74	0.0109909980686219	0.6258447763679437	0.3271439864441811	0.0360202391192533
75	0.015904753351339	0.5769079136713293	0.297231057929205	0.1099562750481267
76	0.512135655793173	0.141136610732922	0.3166575729951439	0.0300701604787612
77	0.5274825208581837	0.1502234210408402	0.3037166558288579	0.0185774022721184
78	0.0052205338204196	0.840273931060478	0.149319702361454	0.0051858327576482
79	0.006976782289475	0.8457953473248979	0.144234200234655	0.002993670150972
80	0.690858315713983	0.0717349573137201	0.2297362040474859	0.0076705229248106
81	0.1027204216818109	0.5074462651848669	0.324902442403104	0.0649308707302182
82	0.2111535852608675	0.3603044174834116	0.4240115357431462	0.004530461512574
83	0.6117279885302043	0.0342277622314208	0.1939614756866616	0.160082773551713
84	0.0058190239107909	0.853377107156211	0.1380943815522363	0.0027094873807616
85	0.8375823327270889	0.0308491480087336	0.1290687243226116	0.0024997949415658
86	0.3167336003730371	0.5505152310271966	0.127787995636748	0.004963172963018
87	0.0292859728855908	0.545718448750982	0.4200182011938482	0.0049773771695786
88	0.9670479777550568	0.0091399325935447	0.0178796829382269	0.0059324067131714
89	0.2110445332425979	0.2932630872666978	0.2240483206781716	0.2716440588125325
90	0.2443732716190719	0.5191337062644	0.2319070667341366	0.0045859553823918
91	0.0672144309112978	0.4127675078161809	0.5175054333193001	0.0025126279532214
92	0.1863191418636628	0.3574549918894871	0.4234069492598869	0.0328189169869628
93	0.003417711963463	0.8086187751569222	0.1822131092678593	0.0057504036117552
94	0.0577998937102392	0.7230054170373006	0.1966368748595468	0.0225578143929133
95	0.0436219162902469	0.0918820454536635	0.4326177424912206	0.4318782957648686
96	0.2525723741215145	0.2459658525378065	0.4566839013645951	0.0447778719760837
97	0.8370356136865273	0.0356195565211173	0.1198811616343417	0.0074636681580138
98	0.6153185997231319	0.1268786852584461	0.2473594710356879	0.0104432439827341
99	0.5002103058434805	0.3270687087519318	0.1345085459231993	0.0382124394813883
100	0.6328081841926818	0.077648234773008	0.2810844033379196	0.0084591776963906
101	0.4672773082922492	0.2161599244095949	0.2951348209478187	0.0214279463503372
