label_id	archetype 1	archetype 2	archetype 3	archetype 4
1	0.0464976761820888	0.6951884068069074	0.1685699705428863	0.0897439464681174
2	0.8958015167425152	0.0125777880553264	0.0867366892969836	0.0048840059051748
3	0.1235530300894089	0.3703062181850529	0.4584514332722974	0.0476893184532409
4	0.0299536745878685	0.525451865168536	0.4421229296583099	0.0024715305852853
5	0.871054738644133	0.0510432919832082	0.0736793390295397	0.004222630343119
6	0.6145265305193127	0.2054460986958454	0.1750215100591434	0.0050058607256983
7	0.9405146740766798	0.0114736972733525	0.0472204209127687	0.0007912077371986
8	0.7518976674396317	0.0706085339648707	0.1747819572554275	0.0027118413400702
9	0.025762887876278	0.8828674105429151	0.0882906310326891	0.0030790705481178
10	0.0726961741963724	0.6802521305535371	0.1774570467222501	0.0695946485278404
11	0.004403707146709001	0.7714545809284254	0.2049470367887759	0.0191946751360893
12	0.5174032102685245	0.1699322826192446	0.2690360064659573	0.0436285006462739
13	0.0920488868130728	0.7038287699002442	0.2003610952086417	0.003761248078041
14	0.9666455301233894	0.0049624376864548	0.0268201478294659	0.0015718843606896
15	0.214788174384743	0.2319895949989741	0.5475886806526877	0.0056335499635951
16	0.2600349501034515	0.0274134877143604	0.0592544661294035	0.6532970960527846
17	0.8865025995182397	0.08922898231029902	0.0221895200661153	0.0020788981053458
18	0.1012899850338623	0.3751381567549771	0.5124795479967371	0.0110923102144234
19	0.2176565962443876	0.5325641938434981	0.2324361668362752	0.0173430430758389
20	0.8330252312643972	0.034014093619810996	0.1294293991985064	0.0035312759172851
21	0.9713411963030129	0.0034702876286132	0.0225167678730611	0.0026717481953129
22	0.8510471836961271	0.0177074518754685	0.1241318249504665	0.0071135394779375
23	0.9665925950439264	0.0119970707717366	0.0178363310609791	0.0035740031233578
24	0.5146563566880987	0.1833765746732469	0.2814941042487537	0.0204729643899003
25	0.9936929873083208	0.0012537528283343	0.0041231144823065	0.0009301453810383
26	0.0567760609206507	0.7588425201602759	0.0570548302642915	0.1273265886547816
27	0.1310565880686831	0.6251891785856785	0.232550163496676	0.011204069848962
28	0.9673274659292626	0.0081412435935444	0.0225135838810335	0.0020177065961596
29	0.5863637267581839	0.07113193201275099	0.3377796415005611	0.0047246997285035
30	0.14756560552149697	0.4027896568666997	0.0991535787027222	0.3504911589090809
31	0.920336632354018	0.0246093768768878	0.0352144495072855	0.0198395412618086
32	0.9832101761998076	0.0003643971182330001	0.0157244449553884	0.0007009817265712
33	0.7147975974721585	0.0827183369747441	0.1973721806966002	0.0051118848564969
34	0.0182775051883663	0.0799853867514848	0.3916666863937735	0.5100704216663754
35	0.025507330342031	0.3236185788582422	0.2819286164975836	0.3689454743021432
36	0.6651697247207436	0.1272529018487693	0.1849723604364947	0.0226050129939921
37	0.9577435677155429	0.0100045688433322	0.0302106886225865	0.0020411748185376
38	0.9652991379038977	0.0054486405355431	0.026349672555439997	0.0029025490051192
39	0.0186704086949416	0.7526824859251716	0.2257854824769542	0.0028616229029322
40	0.012910299256206998	0.7616798089764582	0.1774124903639125	0.0479974014034222
41	0.2742257929100481	0.35980783826198204	0.3498803139770098	0.0160860548509601
42	0.0274354529176418	0.8287090612090698	0.1229037472724517	0.020951738600836996
43	0.7697096912988058	0.1829334180486498	0.0455220229482664	0.0018348677042779999
44	0.7275211482734549	0.16139092679946	0.0992417415892609	0.0118461833378239
45	0.95948050373114	0.0048314342524899	0.0179046592563978	0.0177834027599719
46	0.9764759807045691	0.0020345628237161	0.0201892706769245	0.0013001857947902
47	0.7919026306321896	0.0902247566282491	0.1025430253711307	0.0153295873684304
48	0.4056838203341845	0.0767391089865164	0.1103727359495181	0.407204334729781
49	0.5276561853942852	0.2512830888885609	0.1454633606697099	0.0755973650474438
50	0.8469225234662995	0.020760141376364	0.1142564128003429	0.0180609223569935
51	0.9644708312245269	0.0065459604178321	0.022069431576139	0.0069137767815019
52	0.6998504028067364	0.146655026372921	0.1508543304147827	0.0026402404055599
53	0.6791075682777837	0.1111115133176647	0.1832265213505099	0.0265543970540419
54	0.1614734711131428	0.6627016717813152	0.1711567949421519	0.0046680621633899
55	0.0163919848931308	0.8686238555961424	0.1133637974909311	0.0016203620197956
56	0.4194118559960329	0.2640482461517571	0.2974094227456862	0.0191304751065241
57	0.1787294595461799	0.4450931266786991	0.3372249309442078	0.0389524828309132
58	0.8197269647047895	0.0762365694476517	0.09694039743634401	0.0070960684112145
59	0.3311013559709245	0.5629480204217646	0.097620432948416	0.0083301906588947
60	0.1075488676579366	0.338031211293175	0.5510405783610066	0.0033793426878816
61	0.0120001277501876	0.8916299406211329	0.0948439928987401	0.0015259387299389
62	0.0734446634918216	0.1718078322502216	0.7523879850751384	0.0023595191828182
63	0.0025970126490519	0.9153895185212034	0.08130658721852499	0.0007068816112195
64	0.07485999700726101	0.5804433552428744	0.321254638717984	0.0234420090318805
65	0.7949578189215915	0.021486985322793	0.1737729667728068	0.0097822289828087
66	0.6787010818707805	0.17431463827468302	0.1238924773787593	0.0230918024757773
67	0.8949227209315332	0.0445971316535112	0.0491681877737404	0.011311959641215001
68	0.0199339407898852	0.7886611742518721	0.187830778504151	0.0035741064540919998
69	0.8400882030105762	0.0195997301738744	0.0308978043856565	0.1094142624298927
70	0.8078696342130505	0.0382745859003621	0.0911913458442663	0.0626644340423211
71	0.5942194523964319	0.1282079194759197	0.2645203312708026	0.0130522968568457
72	0.9075739443135667	0.0225702299146205	0.0672960101352044	0.0025598156366081
73	0.0259826051700449	0.7312041188784378	0.2348110511116995	0.0080022248398178
74	0.8657025769475634	0.0357585699883507	0.0918603023316941	0.0066785507323916
75	0.1488398881894843	0.3339617791250291	0.506697162271896	0.0105011704135902
76	0.6796742824634112	0.0696326113778508	0.1641045320552143	0.0865885741035235
77	0.8384900728930911	0.0260001469010374	0.0588698616362039	0.0766399185696677
78	0.935327710032102	0.0376688370841372	0.0175884808991616	0.0094149719845993
79	0.0255103960011429	0.8022737419758815	0.1669355038783533	0.0052803581446223
80	0.0566802778399226	0.2450783799267005	0.6942710648173102	0.0039702774160664
81	0.2157547125715022	0.3974296277318976	0.3746821232377936	0.0121335364588063
82	0.8912024972069453	0.0544812826659316	0.0526028229557039	0.0017133971714187
83	0.6204947704126365	0.0403624087883905	0.05780521884986	0.2813376019491129
84	0.3425328076962828	0.3414693332244486	0.3106720477528316	0.0053258113264368
85	0.4725795028638857	0.2459693218236031	0.2660663412737913	0.0153848340387197
86	0.0159107433341702	0.8492240185792979	0.1321769682767237	0.002688269809808
87	0.1069825426293814	0.5881381702789982	0.3022923768970781	0.0025869101945422
88	0.0367224669247093	0.1320302315275127	0.1021978935749608	0.7290494079728173
89	0.8086876198580747	0.0419416408664139	0.1475096757295289	0.0018610635459825
90	0.0459087764398476	0.3748049935942782	0.5682552831898878	0.0110309467759863
91	0.0777917062044768	0.8519509963547086	0.0665753592803228	0.0036819381604917
92	0.0917778613760456	0.7802454723141983	0.1234912768987056	0.0044853894110504
93	0.0610588623308451	0.2036212921992337	0.7306042785075164	0.0047155669624049
94	0.2686392711240457	0.4961156784642349	0.1992561421606662	0.0359889082510529
95	0.7564351312617089	0.0280340077628765	0.2092058458395493	0.0063250151358651
96	0.0968288697946496	0.1993258225057037	0.2448217840010659	0.4590235236985807
97	0.2161027210825818	0.5732174877033549	0.1777813152691815	0.0328984759448816
98	0.0197713914069001	0.0579956828395654	0.1454858661666958	0.7767470595868388
99	0.2423182488676047	0.3340632441547662	0.2110972201631524	0.2125212868144768
100	0.8212382509293356	0.0313336886608279	0.1325307529456399	0.0148973074641966
101	0.0296598830298681	0.2047205404952976	0.0350574246336188	0.7305621518412152
102	0.5963224312259395	0.0245764864005924	0.3556789428110672	0.0234221395624006
103	0.3759700617412526	0.5413042255686342	0.0629413688804905	0.0197843438096227
104	0.0701032265858648	0.24638040439791697	0.1903554287612284	0.4931609402549893
105	0.0066384000893723	0.9134668701593884	0.0782107555918434	0.0016839741593953
106	0.021640126573492	0.8572547160428471	0.1136003927700043	0.0075047646136568
107	0.1045224083009015	0.0376122481316859	0.27782236169034197	0.5800429818770705
108	0.0245592790316529	0.7396871773159007	0.2275805331899615	0.0081730104624847
109	0.0455606064481346	0.6813834786571865	0.2709489375911783	0.0021069773035005
110	0.0052187983369765	0.8467886167314181	0.0986359021926552	0.0493566827389501
111	0.0227565477730286	0.6219977859611913	0.3285934106398012	0.0266522556259785
112	0.03172573636043	0.7205894123784959	0.2423117806339557	0.0053730706271185
113	0.1556574770360796	0.2565942153773893	0.4429479203755279	0.1448003872110033
114	0.7797893075647461	0.0565778351390402	0.1449013653055188	0.0187314919906949
115	0.225645646277588	0.5040181916227233	0.0785865226276296	0.1917496394720587
116	0.0256563629372595	0.8685755887531108	0.0856734776678956	0.0200945706417338
117	0.306731845827345	0.3267828909150906	0.3134453339238923	0.0530399293336718
118	0.023900207664072002	0.6560573875601755	0.3043464599396185	0.0156959448361339
119	0.0018445972630551	0.0078210897265088	0.0223875037877579	0.967946809222678
120	0.0922358927760152	0.6883414443318612	0.1975511593404234	0.0218715035517
121	0.1761487290496081	0.6801420065573762	0.1346669933938521	0.0090422709991635
122	0.0143407754781522	0.7168282688035453	0.0416243402263326	0.2272066154919696
123	0.0148224053777208	0.8236355914292932	0.1585272089736388	0.003014794219347
124	0.1626842855968149	0.599522974630741	0.1818071906063202	0.0559855491661239
125	0.2085447825602809	0.2060678426742909	0.3192441434816321	0.2661432312837959
126	0.0280030497769309	0.7398376331186399	0.2277851301156654	0.0043741869887635
127	0.5893469743187834	0.1432200951107768	0.1842620701914098	0.0831708603790297
128	0.0054826009041626	0.8829440418197786	0.1026714865377493	0.0089018707383094
129	0.076464727827899	0.6960084916813484	0.2058772725851812	0.0216495079055713
130	0.0055229032823883	0.8478218311116442	0.1425900543609606	0.0040652112450065
131	0.0918734190234197	0.3722361853498116	0.4449842459039811	0.0909061497227872
132	0.00574835933238	0.7927152053773098	0.1950225839790638	0.0065138513112463
133	0.0833222587683467	0.1893351285050502	0.7149521815714964	0.0123904311551065
134	0.0214591663958228	0.8288517516560894	0.1388949989451825	0.0107940830029053
135	0.0023145693565858	0.8914257493649529	0.1053155042425004	0.0009441770359610001
136	0.1472031036361161	0.3135487181350333	0.4922294405837336	0.0470187376451166
137	0.0329143270700806	0.2651277392684634	0.6849020130549364	0.0170559206065195
138	0.2273039149540227	0.1281907281328811	0.3755625020690541	0.2689428548440417
139	0.0688335754074734	0.2178162477179647	0.1269220435626619	0.5864281333119001
140	0.2537155900870645	0.4208719957675436	0.3154285616886363	0.0099838524567555
141	0.0146490605175273	0.584629215092205	0.2079655928712755	0.1927561315189922
142	0.0274886232909811	0.6778780695406941	0.2053091552179866	0.0893241519503381
143	0.2803174207667059	0.0702202476315292	0.4393918753561291	0.2100704562456357
144	0.001366179157503	0.0060445520467794	0.0078531980654862	0.984736070730231
145	0.0136726554575219	0.0585447420153291	0.0492604465307511	0.8785221559963977
146	0.0166165848482786	0.0591950913921495	0.5187645496783989	0.4054237740811728
147	0.0020987319910558	0.0105971754727966	0.1347657421262729	0.8525383504098747
148	0.1258330457191197	0.1245403272104651	0.6594758173061801	0.09015080976423501
