label_id	PC 1_mKate2rab11_TFOR_pca_predicted	PC 2_mKate2rab11_TFOR_pca_predicted	PC 3_mKate2rab11_TFOR_pca_predicted	PC 4_mKate2rab11_TFOR_pca_predicted	PC 5_mKate2rab11_TFOR_pca_predicted	PC 6_mKate2rab11_TFOR_pca_predicted	PC 7_mKate2rab11_TFOR_pca_predicted	PC 8_mKate2rab11_TFOR_pca_predicted	PC 9_mKate2rab11_TFOR_pca_predicted	PC 10_mKate2rab11_TFOR_pca_predicted	PC 11_mKate2rab11_TFOR_pca_predicted	PC 12_mKate2rab11_TFOR_pca_predicted	PC 13_mKate2rab11_TFOR_pca_predicted	PC 14_mKate2rab11_TFOR_pca_predicted	PC 15_mKate2rab11_TFOR_pca_predicted	PC 16_mKate2rab11_TFOR_pca_predicted	PC 17_mKate2rab11_TFOR_pca_predicted	PC 18_mKate2rab11_TFOR_pca_predicted	PC 19_mKate2rab11_TFOR_pca_predicted	PC 20_mKate2rab11_TFOR_pca_predicted
1	2.232260333250325	0.6901044237572387	-2.6737477006592485	2.994545291705027	-0.2618734508230407	-0.5889514961004126	-1.5394840289033749	-0.1495888444700337	-0.3616191194940052	0.6885291537610829	-0.6547875432017336	0.3261780663425444	-0.1128284318786906	-0.6786441112127566	-0.0712826160315081	0.4432138738559281	0.6346838929189391	0.0630104413721721	0.6913297933797149	0.0423739181321094
2	3.3310126172386294	4.2670271424344905	-0.1836398360852805	2.0947180352730994	-0.994635598376968	0.4492788154018269	0.2713703358661581	0.3057858382079861	0.1293772743533734	0.1102572463445827	-0.9179352960253432	-0.4856505416457768	0.4921893921724479	0.3194609726480788	0.0001568999781889	0.3165095653237451	0.0654914657906178	-0.1505561228482423	0.1462703490166421	0.1638342744381011
3	3.087677237406657	1.3772404370749614	1.5434757775872647	1.5175074045577752	-0.8184131447235341	1.7253504289507031	-0.0811354029628477	0.6578559729698956	-0.0425946600479749	-0.2144195134468223	0.8246173228866929	0.3528285263990671	1.0737523103550892	0.5485140931526384	-0.2514531736553755	0.0144542321731613	0.1915060969885469	-0.6504382341029984	-0.07431163936532	0.2011709992470711
4	2.2384972210643905	-1.9121428192930257	-1.2525397668125535	3.75312515902696	0.4965803049684947	-0.938828672995284	-1.7152427106497266	0.7602009072493889	-1.2497618074668717	-0.7260019883156357	1.6311613385179284	-0.3536680434094261	0.1341436662386986	-0.7903865983346439	-1.067232692855105	0.3751308470279433	0.35693160925933	-0.2121138940982081	0.1104565738005471	0.3280383855293847
5	-0.5619978126387064	-0.8987438859561314	1.0393496892831422	-0.1498118697692738	0.0036307234564407	1.686040377246941	-1.6412170238969042	0.7628386139263139	-0.1774933473811766	0.8215597616396106	0.1617165976712526	-0.5846463687942158	1.4101799397824584	0.6448795073426101	-0.1186826906616338	0.1466432902981331	0.0387919555658693	-0.2273246002948663	0.1372345389233866	0.241369742921619
6	2.1527929105857613	-2.5892233825985698	-0.4942984714563679	2.891132462860312	-0.2000178100720031	0.5622157234153325	-1.8127014416140108	0.7186321225175699	-0.6966825976263709	0.6643289888773527	-0.1069992936760528	-0.4765616607525889	-0.1130570547723454	-0.7332902901055238	-0.5420712782180472	1.2256985827892102	0.4489404528320082	0.0633795514626751	0.1709910525100428	0.3095472819719829
7	1.749181702388659	-2.0343080095290333	-1.1122932806081849	2.457008677378808	1.3707543052054962	-2.317270281587404	-0.971726741168621	-0.3202209676887502	0.507165301239233	-0.4816719671738401	-0.8212098810364297	0.3838834330069556	0.0589504758475517	-0.8020658650523043	-0.5383350967398761	0.0837787640146245	0.2117357578054348	0.1639367673563374	0.3445164274207211	0.2700671459498087
8	0.9589340632278028	2.3894683374393977	5.734042799021246	1.0019528062506808	-0.7416935688414785	-0.5165685161863453	0.1886580062347773	-1.0484570401908744	-0.2909737790971436	0.914368795443968	0.3203887981219053	0.1829131437867612	-0.6380399684007304	0.1920715442069376	0.4935470218970708	-0.310547168015681	-0.0677308589506897	0.6603954139597559	-0.0737544085993211	-0.1680069702848046
9	2.6827352843664745	5.042534683394974	2.902618482302884	0.9613622134801034	-1.1728205437961012	0.3066597823894005	-0.1047733580219096	0.0877268265740494	0.2447494751800822	0.5404571712456931	-0.0961831043403109	1.5579642301259875	-0.7863498844973309	0.6147688722815996	-0.523405832112386	-0.5766207136061965	0.219448652310827	-0.0422542724674019	0.2135274696076794	0.0618094149106154
10	1.618596993441196	-0.3035395379803545	-3.2634512588582254	3.180740882435092	0.6379465094612922	0.0467448902319821	-1.995173286471343	0.931727565805198	0.2785568676347656	-0.5153309097162602	-0.5134235375404992	-0.6281959025119743	0.0486947749393235	-0.7887272121677054	-0.2337895704634767	0.1777946728131034	0.5140465513663091	-0.2967116747109084	0.5008036054396992	0.1021111861835306
11	0.3427695301104396	-3.1946530737169905	0.1728056976516469	2.3067430790569423	0.0849136884405101	1.351849471921232	-2.4323015465597786	1.3093821892555166	-1.1047678557023457	0.8355095686777451	1.3089875991257087	-1.1006385850304934	0.3000330879351079	0.0993494638893022	-1.1025910696950605	0.1791568683221029	0.5914746400674349	-0.2478810458989204	0.1840626871874131	0.2304634733772514
12	2.083087690882971	-2.6331582570136245	0.8927970850808222	2.989486841758761	0.2323856006762543	0.1940862995814759	-0.0838554169231615	0.1154968606446555	0.8379102200590578	0.3284990446905365	-0.2164647629376994	-0.0677335583098805	0.7691419870965309	-0.4386759113137923	-0.5382052192927822	0.1599672141998773	0.6410920852224957	-0.3675415462036351	0.317967157927153	0.0807467463242508
13	-0.7859068452865774	3.994988513804282	-2.188268757476692	1.1206538397267665	-2.2330350496376368	2.099469388119155	0.2480837588592761	1.017763580822714	-0.5279334198391761	0.0174205789890518	0.8929202948532349	0.4512989395118882	1.16739200271203	1.628000633450016	0.8612437382831559	-0.2165164128348493	0.5296872338056313	-0.3122213728186007	0.2445309396667307	-0.2535173010399889
14	-1.3588449424828166	-3.1989792458128203	-2.6842954528635867	0.9476773295886816	0.3470266019424155	0.6051680219832013	-1.161572662263251	1.3781783056127754	0.2282679746809142	-0.3606318174257357	-0.0687620200952978	-0.2383531030767454	-0.0673744574812619	-0.6798912800645294	-0.6587306485988917	0.1931450894840267	0.0984609267767733	0.1673737202795042	0.2112619953461378	0.2420628387432469
15	2.6153636284624704	0.4935370774307566	3.8159051983320857	1.957485359530316	0.3153853937285564	-0.0074762029310436	-2.200779645628125	0.3857299402718841	-0.5757037238262195	-0.2229093966757158	-0.3402437437947427	0.0621033362318126	-0.3988816821368682	0.1989368709955723	-0.4148301258402127	-0.8929922996990172	-0.0597875040027315	0.6635625702125136	-0.0310861443794618	-0.0255038935374729
16	2.5165425482771315	0.0269897319666989	-2.371240350781012	2.3687107846728983	-0.8509360015239746	0.6272009600333502	-0.1851755535295582	0.4425064793562232	-0.2670606720823694	-0.1792726835520941	-1.027024092862297	-0.494349848176471	-0.1491501220281864	-0.2484232663336616	-0.5883135895198754	0.3070897176330582	-0.2101530965461866	0.09935074350586	0.0187662102217944	0.4037729831876886
17	1.4552061222130863	-4.820532422407217	-0.6785570498833629	3.7387538492719896	0.2355680655333625	-0.373552312897966	1.7476494431663232	-0.490951558092642	-0.0660866716009886	-0.1067975516950081	1.0522987554855106	-0.0358400843501538	0.2402436000223201	0.0253724353860871	-0.4568506505967113	0.384915829933675	0.0576383334330077	-0.4165533804030719	-0.2318904004083113	0.1297965267523535
18	-1.1678424595392212	2.0321386251654427	4.854351336137559	-0.5729168113189338	-0.3250551752380968	0.0058775798620848	-3.11057269443969	0.7939235514760921	-0.3108584442572673	0.298080181107851	0.1753169250004034	0.5309280114841339	0.3243461195750318	-0.6247471236049424	-0.3348083073819565	0.1931504425815049	0.3488421668551882	0.3689675182213545	0.3026582254559176	-0.3292566772397309
19	0.9802493894421273	-1.0126032268615095	-3.3727920272830016	2.7262863994846454	0.5152138816586014	-0.7137425297679757	-1.2715723746828271	0.4765570687422678	-0.5915593769602412	-0.8436923469299682	-1.398566927191761	-0.3206991194164512	-0.4730144087567974	1.404181809338871	0.9489765715457374	0.6776224611212172	0.18306595602257	-0.0710740895471164	0.0893561800407165	-0.1541833914991501
20	-1.730472578907948	-2.6287797186214217	-2.368579821709861	-0.9321614775064128	-0.3546008837178629	0.7326266535283187	-0.5935158157945759	0.0933194625179976	-1.5032353385300896	-0.1721726387264137	-1.04953057704425	-1.0494553169449985	-0.6877244880953955	-0.7119190480841997	-0.1176688564840033	1.5717717060287195	0.5213271629840109	0.1985935294021257	0.0921775901863557	0.1576448380229811
21	0.0243221488408789	-3.273227533380973	1.1838188443449802	0.4424352610513609	0.7425960762620161	0.5234877281287081	-2.0058269377605926	0.7057320113402146	-0.2547828380149257	-1.5438830861025128	0.0584974043308696	1.6345033037664418	0.4154159735695008	-0.2789835648874383	0.2620501313584484	0.2629357825061547	0.3020708523048934	0.2620453271955913	0.1105609398973253	-0.2697348319366321
22	1.8450350848104708	-0.938553592707317	-1.920171106794996	3.4088255596586365	0.6287306648249729	-1.749245769501942	-0.2701069195541459	-0.5828520450367864	0.1016650142617299	0.4962629328696781	-0.5569651004772802	-0.5253186607402061	-0.0617718969381552	-1.0097682485114827	-0.3062964786796569	0.1156138447757975	0.282937018640371	-0.2067622918073961	0.251667055509603	0.0448342707035562
23	2.9830545957896053	-1.028747147322319	-0.4407106564365222	2.060004308565481	-0.2032867756273386	0.7877218891785892	0.5726069989938721	-0.2754742463776078	-0.6318419308331757	-1.04597588935483	-0.2045707721756415	-0.7142799908629112	0.2888436703844225	-0.4181571048184747	0.2414360082919437	0.5349522393865485	-0.0039504140669497	-0.3714123972270353	-0.1861335209627772	0.1099072801380947
24	1.1463817976699298	-1.897659519597868	0.2788589599463548	2.5057789226387355	1.4783796184640448	-0.8965544061642264	-3.115315033223763	0.2341662460939002	-0.2244376904834661	-0.7088483589189583	-0.5845969035016183	0.9197572425053782	0.2382572506113395	-0.0629786230281315	0.5328271316508961	-0.2800591967871	0.0356445603696395	0.3119598137275698	0.294759193345214	0.025356963088881
25	2.122874303667261	1.357992631997886	3.3336308662914185	0.9306131274620376	-1.0595576433825171	1.2483646577141498	-1.5375925463471605	0.9670033412253372	-0.3773471957242587	-0.6119093792218937	0.4408179306429161	1.3130074604719564	-0.4054910378516513	-0.1857124583148408	-0.8058348184085538	-0.636809296410842	0.3972175944011833	0.1204982717912709	0.2171743337982792	-0.2631237835287132
26	0.1678192157230977	1.6059334337869602	4.532871892527709	0.1727549456753394	0.6260577028237204	-0.5684434393771328	-1.6325656603996288	0.4971650069808799	0.5870748467749747	0.4318614389212545	0.6640112601830466	-0.5942073318989944	-0.0344653740619956	0.0936955388337761	-0.9095119637950524	-0.8362693183894478	0.5933202206019703	0.320305426173449	0.0275533551083131	-0.2030735403557715
27	0.9529868641223108	-1.3854270752779014	2.8224543334591488	0.4255923530424959	-0.8119897200213071	2.42826077753733	-2.48480880431642	1.4432384807889929	-0.404998367720456	-0.4250026772638566	0.1362194930434568	0.2659921511314262	0.1366285694025525	-0.2604017165322805	-0.8723418404553889	0.2872859892192672	0.4940702811801283	-0.1538305094276768	0.356188862284156	-0.064631689250679
28	0.9301795527997694	-1.6586430187354235	2.0251810915011887	0.1853310749706438	0.6602204825710682	1.6420980916475094	-1.8871129715378887	1.3844386111445008	0.7564428891489638	-0.1189478344330634	1.3148122104878843	-1.093442374544351	-0.6121252011158029	0.2303925629017325	-1.2141756518518725	0.489559554472553	-0.0313364347446563	-0.370841935484022	-0.1551449034811445	0.3316020828883799
29	-0.254988622954011	-1.740217551071025	5.854134002701489	-0.1656088830249842	1.2191319808682248	-0.5708807957810921	-2.0378303244407703	-0.136348053876907	-0.0086422163017483	-1.0039040483593862	0.6095350045090213	0.6675243297236602	0.0651976916847861	-0.4010942055321909	-0.3259217856305745	-0.4696848065994814	-0.2614221718087859	0.9153825217377698	0.1681772577579106	-0.2389423383154438
30	0.2970375592029679	1.8625171400981888	1.9013647740036208	1.0906604459541631	-0.7082638880861207	-0.4483944762152051	0.0908185348955639	-1.7455323694228957	-0.7441785306460071	1.0447736185637506	-0.4809071083729592	1.200218737991248	-0.1403406993484327	-0.3856353855779648	1.3353091450248749	-0.1845665144805686	-0.1826926460619877	0.0197027578349928	-0.3113646925009807	-0.151168082317306
31	2.187442289241149	1.969598363052098	1.2432964119317411	0.8384600316903309	-0.2400002404385457	-0.1230493396800179	-1.5068640336572985	0.1116262729156549	-0.7510578824214778	0.1312643905625048	-0.4652686810249968	0.1148236899020442	-0.7344527676226572	-0.6212117069584604	-0.3658177595909584	0.7073606420528868	0.4074841642294795	0.2146927071238711	0.2372869440833684	0.1540654668874728
32	0.5221674935453127	0.8932742672459655	1.37386053149827	0.2794312862956076	-0.9261431157038676	2.26484859587442	-2.461803289414889	1.4923646814123093	-0.6888315321031657	-0.7891195059773946	-0.6416860627498111	-0.3780668327779093	-0.011824857715685	0.0327670972760305	-0.1277081254455701	0.1758970429056781	-0.0455756134294458	0.0394406446744544	0.1531541424099241	-0.0759940460329113
33	0.7910578755227302	1.9767805623175696	4.251961515047249	0.2854474184127646	-0.0566220162324793	0.0439735602720515	-1.3097719566131412	-0.2133009804461945	-0.3536363024329783	0.2490340442768914	-0.7569439403110523	-0.6275893888266264	-0.4246336506079063	0.1630711223736103	0.2353348191983486	0.0114645114894251	-0.0057161573853474	-0.0714122603009055	-0.1717556337592864	-0.0600895433062982
34	-1.7379085878589655	-5.5332863862047015	-0.4836302358412077	0.6631741868797782	2.2356913287528872	0.3761602254598321	-2.488939493662053	0.9632114282522412	-0.2447551658273605	-1.5458555524799191	0.1300130323335202	0.4025676924211563	0.707911211475717	0.088079691180793	0.3741510695473224	0.181726696358087	0.2650963521643663	0.3450815464223862	0.1154127772867386	-0.1110331616218411
35	1.8230015184231807	1.5395020868071485	-2.7191702328908924	1.921292868440488	-0.0123710992985177	-1.2714558277170327	0.0657658709848361	-0.4225319218645988	-0.0547245868439498	0.1204923917517586	-0.445871184969294	0.2063441208971053	0.4689389462798407	0.2044679479277551	0.0188480417335932	0.0869075542683432	-0.0840389691849812	-0.0870042846283876	0.2885625591693421	0.1387127458330139
36	1.3464979192611268	-1.6774861280445867	-1.4887174818059492	1.8129975339022508	-0.5361294729762367	-0.8879970150435016	2.2970807351749576	-0.5811591292901983	0.1992367730113355	-0.4695675241709534	0.5025041196357001	0.5384411185929583	1.2195823131871102	-0.8238979904589723	-0.4566087852727256	0.4934979828270371	-0.0001585344856604	-0.1674096749644771	-0.0770558890053263	0.2031160382846328
37	-1.9138044099434577	-3.051276127970562	-1.1515729365051683	0.1140484569791902	1.832308269445564	-3.3176277275652546	-0.4620425865216377	-0.6731054596264154	1.0228706297624688	-0.8064552572376105	-0.3311143099206917	0.9222703410147356	-1.555418751584555	-1.5024322740873457	-0.6057455375049918	-0.0764298029338057	0.0264015302742133	0.1772723816735226	-0.0607835618611543	0.2787458857850735
38	0.2519008102062674	-4.0933837754447975	4.189029981176123	0.7390577341077205	0.6571817268865754	0.9832477726041814	-0.9239182073803685	0.0637483834165462	0.372591041411116	-0.0029925704217372	0.6443958215309045	0.5100562840890479	0.5588974577238862	0.1593082671763976	0.3536724060827247	1.2600612559722535	-0.3635243383151487	0.2790555117038604	0.0113497109775262	-0.0048357878328788
39	-1.6408673997575691	-5.109156481194889	-0.1061373403384636	0.9174178781954964	2.62264333577628	-0.9790209480507728	-2.3883783226580606	0.6216520145214848	-0.2572976167208376	-1.1066461961388487	0.3425928646450003	0.0467361163388897	0.2758581059287895	-0.0008397200447394	-0.0374707733124792	-0.3390680899434883	0.0176680686624375	0.7629563012013503	-0.0506463288366245	-0.0359436325269948
40	-2.0854249975168506	-5.163899100769799	1.90007235825048	0.2321532100595391	0.9335130394633476	0.6011658075803167	-0.2654830237685184	0.4076464713336822	0.4876549211419136	1.1467347173849962	0.1093181517949282	-0.523651347056111	1.148969338038344	0.6294456433981157	-0.1961898977058402	0.6214617844033015	0.0934796663027301	0.1573749814807687	0.0421249579164988	-0.0456012767225439
41	-3.563658523357044	3.8725557001211417	-2.152618186103925	-0.1380307544359993	-2.1000709434332467	-0.5355278529477929	1.0881427007121678	0.1210725111301596	-0.7411715309120306	1.208173892763364	1.2021476786436884	-0.1840604402618613	1.553217736200426	-0.4306913327465711	-0.4774917353702697	-1.0677599608709514	0.5611085469001682	0.4359439410927888	0.7483880368765123	0.1367367619163024
42	-3.170333797243904	-3.8830527164618207	0.1815051258505455	-0.0638202818299837	0.6705969306291255	-1.1289239121738557	1.6935148435077876	-0.8405599944776323	-0.2858852447067053	1.6171372492870602	0.3570191659512799	-0.5724496387437039	1.0924595447515264	0.2913491524498983	0.0726474143115631	-0.5838382227586472	-0.0438214363282232	-0.280793674054794	-0.1353562007454951	-0.2852595127083689
43	-3.3514295147900715	-2.096390834129588	-3.8226368827128994	-0.5055198252177397	1.195437118998635	-0.2994900842767679	-1.8694359314264095	1.5323628753486933	0.2308808786061076	-0.5112888658210064	0.1062237675303321	-0.2451069988194998	-0.3769721383935129	0.8990581322336322	0.3901973907865809	-0.1849383819033576	0.3783990918552748	0.3071653665795335	0.0742803289589377	-0.0820856985141462
44	-2.212474626254542	2.4573479282654507	-1.930037129771648	1.05688201170561	-1.3737333095326374	0.7022816658294756	-0.6939123896626755	-0.3479638270490059	-1.6194003884994432	-0.1217002119330121	-0.0418442247558759	0.8098554271840914	0.8852274992299617	-0.2560561098786689	1.3451674006674446	-1.0554537498820054	-0.1009743386803809	-0.3417273527275124	-0.1420853136799427	-0.2036465916809513
45	-0.4348931891207908	0.9307651748240476	-4.045587959548687	0.9709218300052236	-1.0860472438140345	0.4060441286905009	-1.1408202220672203	0.6598986128669655	-1.0450803749005149	0.9630792920182872	-0.647358623775935	0.1147380719949549	0.2649484886965351	1.4101867515270057	-0.0636009303562032	-0.1340977708435247	-0.2007556802312149	0.2301966766887784	0.470201389268666	0.2841742280515111
46	0.5548942433542674	0.1505539199544416	7.039010194396128	0.7421295548257156	0.4382604905417171	-1.108292154148098	-1.730690925874371	-0.2196018588730008	-0.0588380492199009	-0.4157632365410659	0.4511180503848968	1.5831383269915538	0.0655005110798602	-0.1976925901846709	0.0239143804649004	-0.3373301321336335	0.3266959499229815	0.379368574007491	0.4366753429316676	-0.5429313785184506
47	-1.3697437493474691	1.4073415375142009	-0.4360094220717876	-0.952426111664498	-0.8845966426144845	0.5200330694851244	-1.349713608615752	-0.9365983150129782	-1.998437090559996	0.766980856116037	0.0006202078193076	0.3269840306924028	-0.2729493815124587	-0.5528383026628969	-0.2424440713624398	0.2665977157453447	-0.2117838547203843	0.2757075444201906	-0.0025459816009639	0.4954059050877708
48	0.2476813522802689	-2.3970268463672806	3.5332593144015187	-0.1434293210590815	0.2592221099973759	0.5128064579299629	-0.2994040210342605	0.0014272634133132	0.2388758656525522	0.4463285407356903	1.691140984149667	-0.158175313158841	0.2531865020424949	-0.0367371241392131	-0.8249694929101898	0.2728001691301784	-0.0641666649223116	-0.0057026036459955	-0.0241849631299477	0.1035329248138365
49	-3.185529493714048	-4.406593630411999	-1.9552978585863023	-0.8625129446889914	1.818595097774887	-0.003690561345652	-2.288091005887208	1.0729788739805717	-0.0612674011722271	-0.7585806957323147	0.3256748525574031	-0.4994517244806697	-0.3648514927269569	-0.3251891831134497	-0.080909059815498	0.1797159500452281	0.0518593106878593	0.3699896344930071	-0.1258845944592583	0.1242285106222089
50	-1.3483765345006995	-0.7314102527109532	-2.739289336060672	-0.9204476042449776	0.2673076667648448	0.9881650713267378	-0.3707627614830402	0.3767363298690374	0.0661035411426451	-0.8852983401743817	-1.7699867687854531	-1.1002922629328875	0.1947221599056153	-0.2768813636927181	-0.0312602044517809	0.3792427242764695	-0.0107893498950564	-0.0493723839967319	0.0997817469003723	0.2273515211009416
51	-3.3474139679439343	3.8515488916731417	3.2363418298903603	-1.0618841724025865	-1.3197104580600136	0.1348377996261488	-1.161631065400596	0.1517457556337309	-0.93388724832543	0.0403566261356953	-0.2781383932980845	-0.3883406337331099	0.908507869171088	-1.134653271108112	0.3987416249111271	0.4336252734545418	1.0520942668136324	-0.3708283100975886	-0.0828371289882956	-0.2608866436721557
52	1.5726238022809778	2.8130107998150407	0.2828169234646402	1.204112960929652	0.8989157120046141	-1.1641170903352551	-2.053864657656441	-0.1141751831917463	-0.9172869725023464	-0.46609540642911	-0.3686899635978613	-0.0425033450888445	-0.5167001010495912	-0.3905845698873573	0.2117763925735567	-0.2857926815068694	-0.4331191462947115	-0.2387343153498828	-0.0777809922886345	-0.0543191913149572
53	-1.461626601626277	-0.2917211954861419	-0.1150804714877793	0.5910644121697779	-1.0891854398352103	2.3614710648633674	-1.7255621467095787	1.3712713133790202	-1.4452004891819608	-0.4105362125967371	0.7440662364675831	-0.4992177374085873	0.3601664418282081	0.906402059628478	0.2390190923922817	-1.4803397726214311	0.0660293520179808	0.8279593736300629	0.2566290718164334	-0.7708762285743953
54	-1.6370394232180612	-3.7138581850855936	4.937268195846496	-0.7530797303246757	1.9638103011495056	0.5862218857311573	-1.6948333908658215	0.1577164507634496	1.5233507620444653	0.1644079369135251	-0.0856274327421098	-0.1362821940376104	0.6931773775420486	0.7567354566417119	0.0189079836298504	0.2960775715486257	-0.4724347259464214	0.5756335062713458	0.0898282599719801	-0.2021432155971974
55	-0.1464691694175162	3.8893167478778334	2.68798286412704	0.3126560326558689	0.8524115237759897	-1.1200203532490165	-1.6480911953262032	0.5023556750718374	0.3695574194896023	-0.0760589250938874	-1.2596521435141406	-2.1365195069744782	0.4576598999487719	0.2089020269093406	0.0790481181297715	0.0582114184900568	0.5104017656196507	0.0976727768096605	-0.0545377340364727	-0.0584947534779347
56	-3.38290734790783	3.0097645182217487	3.1436306469453257	-1.1381131729768907	-0.0653804981716081	0.0688495945569597	-2.3696890626209823	0.0541432489809647	0.3231167583095489	1.1698646442646543	-0.8894782076876973	-1.227015443228522	-0.0022257778336768	-0.4425677061620394	0.7209076944651387	0.0568052720090221	0.7400938338430616	0.0745312197759002	0.2354930883940471	-0.4431612859372302
57	-4.335293923300752	4.037342770870547	-0.5832189324900341	-1.5986635394042998	-0.0951561104402127	-1.052864987247427	-0.8199633052068167	-0.5395704808852766	-0.69410181385409	0.9538420463570016	-0.0139985934136164	-0.1809032431825787	0.434775274184651	-0.005647405038422	0.9726323624536256	-0.3568474614902257	0.162006908162922	-0.3004545351133625	-0.1158454609363563	-0.0577828578779859
58	-0.4691966730006687	0.5681024852871468	0.5435172528165033	0.539300501758919	1.0740438559756722	-1.2536565505322153	-0.6355581834686825	-0.6277536893533859	0.2923096349595544	0.3123689252621933	0.5203014115986071	-0.0626940810468053	-0.3606147863846597	0.5376125826423053	0.7268693552240344	-0.0980043788319271	-0.3082996249251732	-0.0916613781599717	-0.5622106935549351	0.1235656657866384
59	-4.066786035197241	-2.8438632428573154	-3.1406418062341643	-0.5476023516804609	1.3439270964896526	-1.5806797047173569	-0.1065044323719996	0.4420325793990376	-0.2651437038474642	-0.1640899338082189	0.2221077801446092	-0.8050006353441308	0.3006316534060173	0.3661667415111242	0.5691350874960919	-0.4633245405328381	0.120904705730378	0.2905019113852252	0.0543221750126465	-0.2832107819395526
60	-3.072731264704858	-4.0875471506253485	-0.6525731602491653	0.3693636225147891	-0.0017850880029239	0.8778135926666776	-1.1234418354290243	0.0851899012094332	-0.9226332827562482	0.9435691448539512	-0.3808195354335049	0.3112157795511034	-0.0042180937440515	0.1457183517128708	1.0617095232593263	0.2013489818861771	0.0222682608135609	-0.180393727924758	-0.1495734807517661	-0.1300753169731701
61	1.5433943994476689	-0.0007225767203229	-0.7786111245944234	0.7680951477447906	0.0336018899815027	-0.3757843425513828	0.9766720264338488	-0.0774866028665453	0.1087139184635928	-0.6441406826089793	-0.5869994357206694	-0.7403894160919631	0.4237622907330082	-0.0220543674413153	-0.5516974223507218	0.0616361743127739	0.1111452395421959	0.0668092567411531	-0.1105781601259257	0.1719512644237388
62	-3.6504176871214313	-5.1737522193612095	-1.8165147114859084	0.1942185267850462	1.4664660684274209	-0.1019407643940072	-1.5137957156211863	0.3606787112914322	-0.5179413130053308	0.5612836942571153	-0.1791889961269128	0.0965304883711528	-0.4959774337484691	-0.0187532905537697	0.5594352860922194	-0.55535813366361	0.1953046559504971	0.1204894729278163	-0.0773252352750906	-0.1989658047207223
63	-1.3418652245003688	2.473565700463132	0.4314747744260109	-1.082114039462991	-0.9334185816000032	1.7276030776194182	-1.2831908252712882	1.0306422167673948	0.2515803682031963	-0.0188550948039196	0.0794410239734708	-0.4577742264227371	-0.0132686165317156	0.216496222542128	-0.1077862094099741	-0.4447061453679453	-0.3628400300594099	0.0148864067593355	-0.1257321117916352	0.1225332258702271
64	-1.6074913175657723	-2.724060583568532	-1.5592551757325772	-0.5759158914961666	0.6778539337864817	-1.87058675131336	1.8761136314588844	-0.5670368414994467	0.4959183613508349	-1.0421146696881944	-0.6177936381210416	0.1078245765246936	-0.91005768596827	0.4102323368956657	0.0496874662937174	0.1200707140606773	-0.4588305695993537	0.4396701011039792	-0.2876160083437864	0.0126188048558573
65	-2.2231978284350697	5.785336402763183	0.2246728392742589	-0.5082138496948445	0.0931519845542592	-1.0287029540921129	-1.3772112649522097	0.2992194704246256	0.6038924203263034	0.0418998329309534	0.265887621092252	-0.7763189579902292	-0.0229849892142449	-0.6579809450556997	0.2320081777577152	0.3877661641986769	0.4023102048281788	-0.3779439854366646	-0.2118097341006692	0.2845355214691762
66	-1.9169043527481533	5.908267579184075	-2.38075239119053	-0.3326450040200128	-1.6422232592690822	0.6919937066280978	0.1490627759570761	-0.3543102086472796	-1.1279518688110708	-0.5471477619520027	0.8012170182768101	0.2294359570513844	-0.1872944225265175	-0.0780124927055592	-0.2448057741644382	-0.6162836645963026	0.2798807041688422	-0.5423069010920212	0.3060847270820299	0.3743241571638753
67	-3.00227720178024	0.924132461595908	-3.2343981113516063	-1.5804806957363808	0.2738258700708709	-0.6371611976816484	-0.3966897634138968	0.6560084495224541	-0.1335358841672056	-0.976454789920366	-0.2672579764616878	-0.6932560800480925	-0.1207144783316432	1.0723661832471638	-0.0486970352051137	-0.5120345089153204	0.4014669759641296	-0.2746924592467177	0.3402447586533443	-0.0351179939790364
68	-1.3304325639189276	-1.3655379189398664	-2.179975002083584	-0.3115863810995527	0.6218295427587268	-0.4392675183334079	-1.826934613673374	-0.0163857606113271	-1.1805088990429449	-0.7854339708685938	0.0723281294688802	0.3962516967963818	-0.6004224671846298	0.4329008402845371	0.6836948312364428	0.4470855722183273	-0.4225790628274564	0.3679060964241938	-0.1606604456073523	0.0594299223218532
69	-0.6412574002273939	-0.8199380803314524	-3.4596852391584885	0.4972964870364855	-0.1381992734356512	0.1226572994105422	-0.4153031134091067	0.3069732226928725	-0.1259603695078797	-0.3716196427117726	-0.3799664092577708	-0.5331494281662668	-1.0085822572170864	-0.0534340168266194	-0.034976629621537	0.6343750735301086	-0.3192342652107531	0.0302587432974779	-0.1258691341871238	0.3625814750131537
70	-0.5509004761626262	2.888877511495453	-0.0310627345563184	-0.3539083132627965	-0.9491071825615568	0.2935166433542212	1.1821006133422918	-0.6569218663592291	0.3318408306808249	0.6126855956725965	0.5044092490169922	-0.0597081623500539	-0.4188056423467269	0.3629659278720272	0.2240122621449836	-0.16248383298052	-0.2414334836243665	-0.1041106207537889	-0.3147966086959113	0.2130057631007238
71	-2.3456297393924164	6.108536033459531	2.70979087792173	-1.2534055633338257	-0.2232182749237115	-1.6634358452938955	-1.2868483327700035	0.4072606777368055	0.3339246249542602	0.0908322813012016	-0.1226957554357909	-1.0965588843017944	0.2226246475878487	-0.9332098032301932	-0.4965905586690637	0.4525751057411113	0.4358660926403455	0.1211939718893131	-0.1060112697398847	0.4211470285555228
72	-2.4707860169262954	3.703237844873637	4.441982826596687	-1.211348723810144	-0.2132115734986701	0.0614592556073402	-3.1307213449624607	1.133785855134833	0.0819230928372858	-0.3982553336071941	-1.1347253534644026	-0.8027676726603712	0.9542887635476686	-0.2414840684670185	-0.0514437686204565	-0.1481656734677656	0.7698973236726618	0.1596544333787346	0.0351763391575263	-0.4953222077195862
73	-4.565293967526026	2.5205557563442778	-2.4685797615860388	-3.369174977575267	-0.4076907659272226	0.1670526133455835	0.1508665791508674	-0.1263555018928837	-0.2378308625908654	-1.1418216812261497	0.5905593517297212	0.4362854706394241	-0.0625394111340159	0.0504041557094598	0.6353351700116776	-0.5435017499347765	-0.0549793047982878	-0.3713749457464554	0.010707448395713	0.0200533058507863
74	-3.5444183269414977	2.8714196702326	0.9052938946718818	-1.5868905246961098	0.4663553198311891	-0.732690608195624	-1.7816278079484151	0.3688723013832107	-0.299009165855548	0.4820755547273148	1.0745833414328003	-1.1019389045923855	0.524672090469564	-0.4824247855270211	0.4979287301044359	0.46511469692717	-0.0270289111637827	-0.0656877233196364	-0.3706881490690432	-0.0453592391402333
75	-0.5016021014883218	1.6619808459862406	6.903169878007351	-1.1699189465346231	-0.080497963872089	-0.4907561700662187	-2.005047273387388	0.4994815187459036	-0.4883459731132904	-1.6147710758863258	-1.1284830299648214	-0.3833676653519067	0.0015161761305532	0.0386555725315904	-0.4329215022400681	0.3331146766857671	0.5390389847117585	0.5520865425957144	0.2394113832198061	-0.402566461470891
76	-3.4245386546453265	1.7987146393305389	0.9688486072882904	-2.6647958622432	-1.6623220392666498	2.0684897530641897	-0.5326189723787929	0.8267345054812278	-0.8725389526144911	-1.3197584810781304	0.8452516835078625	0.0808318059480885	1.378605847811225	-1.4210671208043326	0.2031153216636121	0.3404394031889133	-0.2144932374545303	-0.2158067977513897	-0.3342056980500634	0.1533129138483699
77	-1.6815327579020105	-1.2120163313261385	-2.3209304000984226	-1.4578774582576066	-0.3926483657281547	0.2765419600419475	-0.0569979632584471	0.4762248740935793	-0.4119205179495326	0.7716247399920295	-0.6450459439957634	-1.1127777668785033	-0.3452959617439585	0.8343344268458974	-1.3587517708280938	-0.177074316159743	-0.2355814725297347	0.0206204421848721	0.1980093579687856	0.6753625567913053
78	-2.8600253281021484	-4.894594138032604	-0.7230378816488212	0.6697638043956318	2.3674345988771446	-2.0823927737964163	-0.6002816049313227	0.1641172217000612	0.4123896179375489	0.9387416927237932	0.0591745849191354	-0.3086457212125726	0.2510277339945571	0.864837083410487	0.1258901981541087	-0.1938086557966905	-0.0099051373148602	0.6566411174743625	-0.2259925961797546	0.0743887537649845
79	-2.1779887548382195	-4.387284365337175	-1.2849678157731894	0.2634256818157567	-0.0654844289229803	-1.0194569857564937	2.076903652200037	0.008580733283787	0.3582082920740033	1.4044401864604144	0.7958846219545399	-0.4764803804095354	0.0167117158323567	0.4892291863517126	-0.9150268218810472	0.5869348967497316	0.0882676198492791	0.0716245289751082	-0.1613349160439239	0.248078517507678
80	-2.207367750156374	3.8809911927320417	-3.1950874902705024	-0.4366355379010833	-0.3822816117751397	-1.1173801531739849	0.1451698370473719	0.4443234585301046	0.7228974854500547	-0.8664847023244935	0.9746973866458908	0.5705984316848483	0.8200984994864154	-0.6304839749055002	0.3600976783373988	0.2570601175156355	0.2981957921044009	0.0842350820996931	-0.0068940452023373	0.2658620517702017
81	-2.863480965584364	3.413537365943407	1.4990051549449357	-0.1793499897323804	0.9759140069259278	-1.908273217504791	-1.177748461901154	-0.1321995705664302	1.6242859693293783	0.2676158775577182	0.2595533892046879	-0.9185309363107504	-0.4128030522875089	-0.6603721589677622	1.3734821825315806	0.7578939890926755	0.0618362827273091	0.1710123759145656	-0.5150627873491023	0.0226208685614208
82	-1.125074027748207	-0.97204796729371	6.425676378750482	-1.767069305764594	0.2931704559145219	-1.1042916679101489	-0.0533224384750647	-0.6956912796223651	-1.5336373052064938	-1.3850627349025455	-0.0880114078816434	0.2434991773885517	1.255615027117865	-0.0632105747007489	-0.1706389826298973	-0.2206144718704479	-0.0927298056848369	0.7135383643850031	0.2972153555077486	-0.4208318489187777
83	-3.388503870885552	5.768752146386769	2.938925397889016	-1.9313773855226728	-0.8954934595473727	-2.108401950584496	1.3462394666233726	-0.0663976021630385	-1.0047938226513085	-1.4656358361633348	0.6210423757191008	-1.6159923308638415	1.3506458257789251	-0.7499194978986292	-0.7144171498837308	0.8347823836626134	1.0232772756818878	-0.2665807766670862	-0.2405776274610684	0.4198022562506187
84	-5.160517176388618	3.167583611957424	-1.7452396995246815	-2.6883782419490005	-0.047994932662279	-2.1844457286368897	-0.6699757689677215	0.1478073480789821	-0.1999996697068804	-0.1849238308518881	0.7809223773688543	-0.7312925713048326	-0.5601270840461946	-1.136956350286832	0.0106008124115946	1.2975535873882649	0.4448757847453701	0.4608496209104384	-0.2261102838159349	0.4777091180385779
85	-2.361183910117015	-2.466822484666009	2.024289613656101	-3.1538847124722063	-0.8948740645993407	1.031094326860598	2.6983941215797063	-0.9309748222757388	0.7819603991145525	-0.0932629697441118	-0.1703525496195248	0.3452536690956247	-0.1794697201934642	-0.3611518145208716	-0.2157703573878584	0.4352266530283266	-0.2429268270097968	-0.2785845453158611	-0.2307999337792883	-0.1786169753019182
86	-2.938631171204877	3.073598026612208	0.3580818901176385	-2.6840518492966625	0.02787515579171	0.5530168577751743	-0.9571141522741842	0.9888070629752131	1.7784775294465331	-0.7971471639941416	0.2412135039349023	-0.5403997028449918	0.3983527019899168	-0.8319768533412226	0.1917848036787277	1.050860742505897	0.2797954422149398	-0.2882238223171167	-0.1198524831493981	0.1515481196434072
87	0.2392480698811763	2.1703492673130342	-1.8002301180235136	1.1552759427841572	-0.8202486890970828	-0.5333812607299665	-0.1189806424899666	-0.6255053715573975	-1.0276487526314713	1.6553034384356184	0.3775491860556115	-0.0022030901171365	-0.1029844247725516	-0.1551528257878107	-0.2074149776333711	0.2757497506074884	0.1820264926820729	0.1792296747985002	-0.0107763637717828	0.2402534705741449
88	-2.71253176606008	0.2072356878898185	-1.289420180655462	-0.7698520916330629	1.3180877457805895	-2.821134867798704	-1.300080546486222	-0.1831161092820099	-0.6268280628647533	-0.387387982223812	0.509508049567438	0.8425149110531418	1.031581261377549	-0.1949712305662049	0.8853050867234258	0.4139389264345468	0.0776196453784652	0.7086010815157178	-0.3286579803902794	-0.0397088291544784
89	-4.415851810652186	4.775081938769967	0.7137512620801019	-2.773541058549012	-0.8492116073934728	0.7106461428154217	-1.7482348992777912	0.6712090900680583	0.8251586062581919	0.2064956247255569	0.7514274869695874	0.460151019884476	0.7353644995294485	-1.1474726107414828	0.64672565924378	0.8881720336071837	0.2013040194841724	-0.3054138136751649	-0.1813875410177954	0.4686821915438797
90	-2.88864345037034	-0.9339478767736812	-0.2748759254164348	-1.354167186356389	1.6566368869458454	-0.6433137009275024	-2.2393328757571798	1.0597300366344635	1.6245144742705049	0.6542516136223018	1.777055669074945	-0.8157563455061041	-0.1079235239125192	-0.5188219988925002	-0.4095569890039932	-0.0349876776816628	-0.4895391608490951	0.168861859525607	-0.018526656574537	0.5143474747134631
91	-2.1807248579405307	-1.9926279206687865	-0.5262230230709655	-0.9998662267431732	2.6851070488573274	-0.5941387075499082	-3.5566632052042566	0.8131077074180031	0.8382945608951713	-1.271730704232782	-0.4940380402722106	0.1965931189314052	-0.8841335648012648	-0.2463226871796155	0.6275764212778676	-0.3247304568626674	-0.4312400702053769	0.6037224483054271	-0.2650645840913239	-0.1001334814852912
92	-2.492065512723146	3.8350604006644726	-0.3183001582839929	-1.2074852053103668	-1.6292625135617644	0.5065537517347399	1.0127865313517672	0.135912008174569	-0.1710944951423914	-0.2412334578683133	0.6906863224404431	-0.5425096508871281	0.6400920138936276	-0.9931191979430468	-0.1862811673835209	0.5799784555524141	0.602477107635401	-0.3192266094960903	-0.0641939506912838	0.3137839210093309
93	-5.079999623311684	-2.8646051429482413	-2.3108924466238205	-3.223253186476481	1.3791328380018992	0.3535100351426775	-2.235672590149627	0.7147676983832032	0.148139074684092	-0.1096305644986781	0.358561511718404	0.1330847880992234	-0.5798090005850131	0.095789882637808	0.3160359888223447	-0.5017639260309181	-0.0239039750504983	0.2425782077171743	-0.0191769942769899	0.1212803815012746
94	-2.477665516045059	2.271074283890931	-1.2348004416303162	-2.266935819389248	0.2621907139725739	0.2507324021658851	0.1799666251971343	1.1786039567552298	2.500312235535485	-0.5113310298579865	0.7700516482166058	-0.9260077955968722	0.7473056762092501	0.8080907917804776	-0.1691535162425785	-0.1122508962592157	0.4130648917905186	-0.1820643475758234	0.304168442054237	0.2346475004636898
95	-4.629291602493998	0.4504140004858479	0.9426318914012732	-4.501417662816693	-0.8356692126334888	3.1906152651291086	-2.012502304756059	1.6306954726734315	0.919719777984504	-0.0341536272137634	1.5794489496334183	-0.1520326675075782	0.6007324294884303	-0.6919044289865024	-0.7941266155896307	-0.2685265972977255	0.307593817847319	-0.3400475464212131	0.2263911120283128	0.20139699727273
96	-3.5734742658529712	1.7560339049613434	0.7120668343098586	-4.06726710395298	-0.1094704455370756	-0.6793538910409916	1.320773905289843	-0.8864698108858764	0.0710582105830821	-0.2829010580421798	-0.2507458922968824	-0.2718290103717731	0.6573056889312657	-0.4521898278614085	-1.1296919016431182	-1.0541449395111613	0.0313156129983336	-0.6170880931419258	0.3759439678759082	0.4713534912881441
97	-2.597392142420828	2.6446811569614885	1.0791010602439286	-3.054403252964528	0.4435215596226971	-1.2928924613394934	0.3900856577948124	0.5166045406985279	1.6081462227386107	-0.6228115801068679	0.3934014223315301	-1.3512318911062824	0.7890426314905942	0.0837171581557552	-1.1818545780238678	-0.1901051418560584	0.5417000827292742	-0.2353450725788153	0.2865972450303924	0.3547423912415857
98	-3.88803595314412	-3.21145020403994	0.9364496269218918	-2.845040165241035	0.7329999140731953	-0.8812677441375124	1.4473901469272683	-0.7747887735320471	0.3071144883417209	-0.0109019496472395	-0.4849828567266939	-0.5357413647864657	-0.2444576282662441	-0.372698617853791	-0.3630226039754993	-0.2439274030839158	-0.2720266284199408	-0.4643793234280646	-0.4779388778150424	-0.0688546650525845
99	-1.4042800040858712	-2.169143618451228	1.747476363170403	-2.0725322841676297	0.0392696208749416	-0.3957719923938493	2.3424968179405594	-1.002390306695182	0.9704006123744866	-0.609306316495827	-0.3423680074170208	0.087410447350253	-0.2229618546875659	-0.0602400389958983	-0.3942633441644978	0.0295100304068185	-0.3556865615628983	-0.1802107723583101	-0.0795164806471935	-0.0214283109011335
