label_id	archetype 1	archetype 2	archetype 3	archetype 4
1	0.8999100308815439	0.0178925165883065	0.0758615503103824	0.0063359022197674
2	0.8928684841310838	0.0293526172443685	0.0746664592102902	0.0031124394142574
3	0.2090771920113304	0.250753130177423	0.251691867883662	0.2884778099275846
4	0.7679233261270966	0.1004609764940857	0.1079383050693987	0.0236773923094186
5	0.5789060100500768	0.3079476739213041	0.0892504463600715	0.0238958696685477
6	0.4037601529916653	0.2717777206405462	0.2411263746818281	0.0833357516859604
7	0.178558892917106	0.2731538754053086	0.2568392502239778	0.2914479814536077
8	0.1027875609982692	0.2749533369091157	0.1789244850793915	0.4433346170132233
9	0.6750213400276787	0.0868907990127134	0.1496253429120885	0.0884625180475194
10	0.1339445179044195	0.4326006960637226	0.1443264563297595	0.2891283297020984
11	0.5897139488408683	0.1826694515637781	0.1820707743070344	0.0455458252883192
12	0.8724327880466343	0.0280555064096231	0.0925931096329951	0.0069185959107475
13	0.1466964058697381	0.4738480817152426	0.2701268647671559	0.1093286476478633
14	0.1716635509437087	0.4979029145079559	0.2335209942890131	0.0969125402593223
15	0.6456386061498691	0.0996494832205859	0.2455214417509822	0.0091904688785626
16	0.1392449210669622	0.5467703624300698	0.2409359821035103	0.0730487343994576
17	0.0100142158434593	0.6837850375468257	0.1993143650326343	0.1068863815770804
18	0.5598896065261915	0.2957309277586672	0.0974145210423596	0.0469649446727818
19	0.8084210402652379	0.0614085853747562	0.1043387673916473	0.0258316069683586
20	0.7640282181185007	0.1231298768614411	0.1069124488472337	0.0059294561728245
21	0.8179451079631731	0.0395901644712653	0.1189989721322238	0.0234657554333376
22	0.7979870406908678	0.058581625218021	0.1243686147802572	0.0190627193108541
23	0.1473372452709966	0.331672376225028	0.3706998089452462	0.1502905695587292
24	0.0515570034826407	0.1284772775494555	0.2237258238688982	0.5962398950990058
25	0.3440539403312254	0.1736794055603139	0.1917184732345135	0.2905481808739469
26	0.429756586251008	0.3369503427122444	0.1808889832163698	0.0524040878203775
27	0.0925983001342811	0.3411733418835732	0.2265270729802623	0.3397012850018837
28	0.0802989862522197	0.2601991989728093	0.1686765079712044	0.4908253068037665
29	0.3831726430894953	0.1692951023549176	0.3163623054791497	0.1311699490764371
30	0.0213811382825614	0.507321917325151	0.1739094412400174	0.2973875031522702
31	0.2805837848809722	0.4234911765087327	0.269298700387819	0.0266263382224761
32	0.0173393914866856	0.1782084911563162	0.1935430125446548	0.6109091048123433
33	0.0360295198601564	0.6265655425847887	0.206637593411993	0.1307673441430614
34	0.1476268858944372	0.691392601047249	0.1387947912304436	0.0221857218278702
35	0.0203666025723636	0.4152557711198666	0.1829886368891764	0.3813889894185933
36	0.089905638842918	0.5339340725183193	0.2543013208711325	0.1218589677676301
37	0.0477197585284029	0.1801109690472657	0.2591845813268445	0.5129846910974867
38	0.0657196870173951	0.3049400679820305	0.2476039144191694	0.3817363305814046
39	0.3502827303799279	0.3645094582380325	0.2055268654419787	0.0796809459400611
40	0.5043208451921497	0.0825099316194635	0.1928362849822366	0.2203329382061501
41	0.0526311795312796	0.7648413390613653	0.1689461793231327	0.0135813020842224
42	0.7667213197420735	0.0286630162889697	0.1241294165272742	0.0804862474416824
43	0.0370291605243227	0.4889130817599834	0.1539485987273773	0.3201091589883167
44	0.0474509082169775	0.5942938394058014	0.1252886053227644	0.232966647054457
45	0.0839547903082706	0.40908262064169	0.22479410236824	0.2821684866817994
46	0.0129462870602256	0.7164006142431103	0.1305447443914426	0.1401083543052216
47	0.9260156676816984	0.0223901327289015	0.0415764794882137	0.010017720101186
48	0.1795513966009124	0.1486582020849828	0.240053538910528	0.4317368624035769
49	0.1563800163257013	0.3854003605869575	0.2040279422233512	0.2541916808639898
50	0.0043620975028977	0.875526473929211	0.083540727499926	0.0365707010679652
51	0.7971425928258671	0.0949770081439725	0.0860665291824976	0.021813869847663
52	0.2594752913868063	0.2695687731058473	0.2966465407970709	0.1743093947102754
53	0.0460160040074459	0.1564129677710745	0.1650683571064495	0.6325026711150302
54	0.230444529374959	0.4299576852184426	0.2589352583763851	0.080662527030213
55	0.1106919874779488	0.49938373583554	0.3161945728444303	0.073729703842081
56	0.0252976745991462	0.5085402195996203	0.2128266479792421	0.2533354578219915
57	0.0327940185804633	0.4230115142957284	0.1735830162762938	0.3706114508475143
58	0.1398525420044831	0.4263273186621924	0.2456862050757122	0.1881339342576121
59	0.1239591348300098	0.3188071813405753	0.2481201078146603	0.3091135760147544
60	0.0281126139624225	0.7452895122330063	0.0993618110249092	0.1272360627796617
61	0.0477882137100678	0.4365635456377341	0.2127076120945799	0.302940628557618
62	0.7905430769223634	0.0929250821067103	0.0955787792972029	0.0209530616737231
63	0.1292251888177273	0.4418995284886025	0.2425800317172865	0.1862952509763834
64	0.0217080809537775	0.5660740306974371	0.1767083337775448	0.2355095545712404
65	0.5442164641420372	0.0323034365977963	0.2386945879853686	0.1847855112747976
66	0.1159612211275757	0.1392795639974112	0.1817953417287625	0.5629638731462505
67	0.1851810748868181	0.5674465167805592	0.1983448763291677	0.0490275320034548
68	0.1911167575890609	0.5264632922846211	0.1512505559742031	0.1311693941521149
69	0.6691016629554235	0.1557708878795891	0.1276223242651515	0.0475051248998361
70	0.8505906181713138	0.0133197851464616	0.076073806385412	0.0600157902968124
71	0.1432922580871232	0.0851462896578655	0.2028951361406424	0.5686663161143688
72	0.0137874230221446	0.1300575687277066	0.2055247556391228	0.6506302526110258
73	0.0119413267323152	0.5772961730477117	0.2066791559523162	0.2040833442676568
74	0.0421923582295815	0.3330206153536926	0.2613714103178463	0.363415616098879
75	0.011731895634355	0.0744978012304916	0.1041804118721971	0.809589891262956
76	0.0749181634821819	0.3631350891849378	0.2254489535649807	0.3364977937678994
77	0.0036132090379185	0.5493429231358746	0.1131499937149377	0.3338938741112691
78	0.0757346242302137	0.2421599390435869	0.2928376599334415	0.3892677767927577
79	0.137319639483985	0.3784461060082205	0.2491428870748568	0.2350913674329378
80	0.5219729888902636	0.1228670758854432	0.1966183008430118	0.158541634381281
81	0.0985235778219638	0.0898440423886253	0.5331024995286514	0.2785298802607597
82	0.3548849470098913	0.1181000027546825	0.2251396698702081	0.3018753803652177
83	0.0092985955971427	0.4062054643416971	0.1818009175249371	0.4026950225362229
84	0.0265483477525622	0.3906798736329446	0.1639215758307524	0.4188502027837409
