label_id	archetype 1	archetype 2	archetype 3	archetype 4
1	0.8988640843935554	0.0366641922376915	0.0594568059119284	0.0050149174568246
2	0.0045161430227744	0.6785650415966529	0.3023197069479343	0.0145991084326382
3	0.4366515036452825	0.3890101743791404	0.1698293181826809	0.004509003792896
4	0.1355818478285582	0.4037217268422608	0.4177600786368776	0.0429363466923032
5	0.0803041029572208	0.3891135530531552	0.5121516554309111	0.0184306885587131
6	0.0121917227833502	0.5686979249804114	0.4167783152277674	0.0023320370084709
7	0.7617031788429571	0.1145723729884212	0.1083809520105714	0.0153434961580501
8	0.6517969347178766	0.0382434648479459	0.2442408783839463	0.0657187220502312
9	0.1855702330069466	0.1781926172764096	0.6162359692541289	0.0200011804625147
10	0.0033715406715833	0.7477071775861192	0.2410649433103204	0.0078563384319773
11	0.0017200120713064	0.4028336964958096	0.1812828716089365	0.4141634198239471
12	0.5526094432284189	0.14439101733746698	0.2949244571873254	0.0080750822467887
13	0.0052087720710542	0.902875888072368	0.0563756034764351	0.0355397363801426
14	0.9759885972960116	0.0055613366491307	0.0173420041673651	0.0011080618874926
15	0.0152471507870121	0.5602586114432847	0.3451655404280484	0.0793286973416546
16	0.0366607617396845	0.5727826644709696	0.3831469176208389	0.0074096561685068
17	0.3259307728899994	0.325342564101471	0.3393516394343882	0.0093750235741413
18	0.0396312976904898	0.0917012273752431	0.8671848332332437	0.0014826417010232
19	0.0053206483366559	0.2617398937773577	0.7301855955622921	0.0027538623236941
20	0.8914512576745219	0.037728997679276004	0.0552315959711708	0.0155881486750312
21	0.4811185253761404	0.0918947640277265	0.4197924807826686	0.0071942298134645
22	0.0725343104195714	0.4196917846467254	0.4436000654735106	0.0641738394601919
23	0.9818633981583124	0.0050218164664536	0.0096260506890836	0.0034887346861503
24	0.7101597273775166	0.1026941006841893	0.1184935586205039	0.06865261331779
25	0.8487171035869404	0.0151627081045144	0.1236209557519546	0.0124992325565904
26	0.9819841978091768	0.0020212664437046	0.0122750422544512	0.0037194934926672
27	0.8791182667504432	0.0332806846118209	0.0826782982308464	0.0049227504068894
28	0.0221994785886099	0.5567030996217581	0.4065379096206028	0.0145595121690292
29	0.0052696707020469	0.5429347603770652	0.4399778701428156	0.011817698778071999
30	0.8013220076432629	0.1260734504231368	0.0538386736437389	0.0187658682898609
31	0.5627736492027883	0.0501245723513836	0.1257005029552451	0.261401275490583
32	0.8849099971242654	0.0141994669918337	0.0882375367267245	0.012652999157176001
33	0.9796176850510759	0.0032767242820961	0.014673182990803002	0.0024324076760247
34	0.353115793095695	0.3025025393190027	0.3210711866785253	0.0233104809067769
35	0.0089949988429749	0.2135933619635496	0.6074289464193223	0.169982692774153
36	0.0067860553155219	0.7399691900886888	0.2199523799695354	0.0332923746262538
37	0.0257131123186892	0.745819862963348	0.2208236546514634	0.0076433700664991
38	0.008682867470902	0.8048252283614609	0.1158974267559695	0.0705944774116674
39	0.9816217770901362	0.0029716809260833	0.0146005012620976	0.0008060407216828
40	0.0196253082507106	0.1784013961670476	0.7683193146772057	0.0336539809050362
41	0.0048653314195767	0.0248699702431585	0.0333846463630195	0.9368800519742452
42	0.3861877474172935	0.078538876816797	0.357956168757165	0.1773172070087443
43	0.8010669523936261	0.1259746027068801	0.0655620949822307	0.0073963499172628
44	0.4066260562242667	0.1429391851465062	0.4339397242348293	0.0164950343943979
45	0.285539910797927	0.2150509793973452	0.3669511712754182	0.1324579385293097
46	0.0024720541281464	0.5338706587745441	0.4504297306990475	0.0132275563982622
47	0.2447665785019495	0.5520835740909742	0.1498037560062243	0.0533460914008524
48	0.6905247654906267	0.0839935541301452	0.199525150385321	0.0259565299939069
49	0.7780353445824372	0.0490133083560312	0.1674791811919444	0.0054721658695872
50	0.0091920277595553	0.0076643905273757	0.0216192783421353	0.9615243033709334
51	0.4969395886738828	0.3917889821407034	0.1059736732308043	0.0052977559546094
52	0.0027877484368064	0.2462938488670865	0.0882379720019341	0.6626804306941728
53	0.9679471171449032	0.0028647457370885	0.0259270754787379	0.0032610616392708
54	0.3084662156489782	0.1351395570763957	0.5210894981955214	0.0353047290791048
55	0.961023090561008	0.0160520452003208	0.0185907860845267	0.0043340781541445
56	0.316750565053192	0.4263850747512823	0.2171895764654658	0.0396747837300598
57	0.6589382300649445	0.1809697501148099	0.1231450326466374	0.0369469871736079
58	0.0002728975932686	0.0012380463851672	0.0038583189321682	0.9946307370893958
59	0.3257197611038501	0.0234439831146308	0.1079393466542598	0.542896909127259
60	0.2511616290920719	0.4338049235026548	0.2827547022510797	0.0322787451541935
61	0.0475718014791812	0.5228797530210538	0.4127236177570227	0.0168248277427419
62	0.1953871807032731	0.0194327898262036	0.0601624952040027	0.7250175342665203
63	0.5529687223510318	0.3404059909311946	0.03742564725447	0.0691996394633032
64	0.2289507585465041	0.3736600951844426	0.3884921784644776	0.0088969678045757
65	0.0247926531470247	0.8912903156375591	0.080657773120021	0.0032592580953949997
66	0.0470770049016858	0.2014368321164049	0.6672131439499629	0.084273019031946
67	0.3894680852499569	0.4755300512391007	0.11952828277339501	0.0154735807375472
68	0.0171837395662061	0.5552498266818294	0.4146218445867887	0.012944589165175999
69	0.2286625770406332	0.2449590267741273	0.4336233720706499	0.0927550241145894
70	0.7556133361570471	0.1730806325639419	0.063027973935758	0.0082780573432529
71	0.1848208276644428	0.5446532121496284	0.1583748970078917	0.1121510631780372
72	0.0090284095490046	0.9440651047637936	0.0448947129991027	0.0020117726880991
73	0.0214558216631571	0.8729876685260229	0.08149316005413201	0.0240633497566879
74	0.0005767569923421	0.0068421634004093	0.0130731147338743	0.979507964873374
75	0.0088178424603205	0.2395121242331509	0.1561590112716394	0.595511022034889
76	0.0062752222249393	0.0630349427884158	0.5427915023413683	0.3878983326452766
77	0.0746469550094426	0.6121678442799557	0.0706683224507675	0.2425168782598339
78	0.0069394978834153	0.8006916767293025	0.1794851177390053	0.0128837076482767
79	0.0022285188237123	0.6068707967703234	0.1440578222375444	0.2468428621684198
80	0.0061912001891209	0.4638578509962921	0.3223778508287626	0.2075730979858241
