label_id	archetype 1	archetype 2	archetype 3	archetype 4
1	0.0874070259454312	0.1999080480235217	0.2127179976466417	0.4999669283844051
2	0.0064596708122784	0.8477738837366214	0.1429736509767211	0.0027927944743789
3	0.001913463899436	0.1734288454169968	0.0749620330902761	0.749695657593291
4	0.0029762720477482	0.1455519294714729	0.1140349760589787	0.7374368224218001
5	0.8484020564258545	0.045461131831101	0.0604398689673617	0.0456969427756827
6	0.0111689224727156	0.434290873650592	0.5132053282896151	0.0413348755870769
7	0.0107212610577397	0.3637799374645691	0.6233455736093501	0.0021532278683408
8	0.0057491107033798	0.6195078093104466	0.3736053598044718	0.0011377201817014
9	0.0004039805753728	0.0047622479111711	0.0162348640489663	0.9785989074644896
10	0.114647923270263	0.0638636442314485	0.1896329736340334	0.631855458864255
11	0.125113343608282	0.0863122029413665	0.0608038253128691	0.7277706281374823
12	0.0026695368075679	0.3196410401765573	0.086552177463839	0.5911372455520354
13	0.118768429627577	0.803648211890683	0.0736539324601805	0.0039294260215592
14	0.2288475467637214	0.0866635478350111	0.5126281712421191	0.1718607341591482
15	0.5256496635392488	0.1845311906499568	0.2278021608370749	0.0620169849737194
16	0.9254156131544984	0.0194466858380889	0.0529020398989708	0.0022356611084419
17	0.339045116054801	0.010214516556621	0.072067024891505	0.5786733424970728
18	0.7474018851918558	0.0203057724004609	0.1931035812133074	0.0391887611943756
19	0.0987234725829523	0.4960833884319621	0.3920682730465067	0.0131248659385788
20	0.0368442537483841	0.3100005575857764	0.6509248629140588	0.0022303257517803
21	0.0351689999886497	0.4605313049033463	0.501695395698623	0.0026042994093808
22	0.00081064526454	0.8992135847510984	0.0975456558326996	0.0024301141516619
23	0.9818693428592576	0.0039040832386669	0.0137794667379217	0.0004471071641537
24	0.4416194448081515	0.4649369966586167	0.0914366101969381	0.0020069483362935
25	0.0030894803619958	0.0066020944307086	0.0205224108299188	0.9697860143773764
26	0.2318916443220497	0.1926511131576304	0.5423063084916413	0.0331509340286788
27	0.1662622434042008	0.2490030682258627	0.5678114760236499	0.0169232123462866
28	0.0559265529636027	0.2395591596901789	0.5745989525329762	0.1299153348132422
29	0.0020129514830909	0.8094318415828452	0.1238244482514805	0.0647307586825835
30	0.1594803084837793	0.545893167677025	0.2515191293523609	0.0431073944868347
31	0.0396365113227139	0.2385448125398895	0.6278455610884321	0.0939731150489641
32	0.0049487642990349	0.837751279991456	0.1561922969443188	0.0011076587651899
33	0.151068321945488	0.0571764248458249	0.2429440309416211	0.548811222267066
34	0.9346338289237432	0.0343411056053793	0.0292487795228898	0.0017762859479877
35	0.3891645774977059	0.1005602882402034	0.4870795464079633	0.0231955878541275
36	0.4228369792781349	0.1608632967002637	0.4013387918234413	0.0149609321981599
37	0.773282332360127	0.0568285863714513	0.1596557784064869	0.0102333028619348
38	0.7614676448166144	0.0212744846842811	0.1745696527590772	0.042688217740027
39	0.968362028052483	0.0054167057391634	0.020751074745253	0.0054701914631
40	0.1758176396502378	0.1604352674050705	0.2319815474589044	0.4317655454857876
41	0.0258790105727871	0.2986995740370231	0.5980936534926021	0.0773277618975875
42	0.0850134693434387	0.5260286775911425	0.1854953036731453	0.2034625493922732
43	0.8009420462473739	0.0275999471076275	0.0611205001040413	0.1103375065409577
44	0.1429591680621775	0.1598547827560147	0.6905809224986653	0.0066051266831426
45	0.9169726891230956	0.0631324654373885	0.0176476011977768	0.0022472442417386
46	0.6429198293126734	0.0862473463654165	0.1965581692151793	0.0742746551067306
47	0.4510268497033747	0.0175741185641588	0.3781648227022034	0.1532342090302629
48	0.8794439087182854	0.0726444970718655	0.0457542400813467	0.0021573541285021
49	0.6756737744133402	0.0273091726393235	0.2031757583903572	0.0938412945569788
50	0.600295784590116	0.1404462347724284	0.137650912165607	0.1216070684718485
51	0.7087303021001633	0.0363922260965227	0.2421171226432325	0.0127603491600816
52	0.9797353601217144	0.0030759867699502	0.0149065465927417	0.0022821065155937
53	0.8275250961648694	0.0135301297392903	0.1467230314710707	0.0122217426247694
54	0.0059758170957874	0.2210088991788748	0.6335940866085787	0.1394211971167586
55	0.1685369224084704	0.1721398001607078	0.2354916838100585	0.4238315936207635
56	0.902155345014366	0.055115765945239	0.0390926105577982	0.003636278482597
57	0.1193307168736425	0.3590836783374426	0.4699722625045712	0.0516133422843433
58	0.7990404594002042	0.0476457647470293	0.1460611248768521	0.0072526509759144
59	0.0390670371927962	0.3863469389219225	0.50901028607835	0.0655757378069313
60	0.8251139341079023	0.0662916839063991	0.0980794925002393	0.0105148894854588
61	0.1371860566727524	0.5014918378490165	0.2315049384611121	0.1298171670171189
62	0.0321848088056494	0.7028603746400167	0.1849459613487657	0.0800088552055679
63	0.1116442963239626	0.4630753151010201	0.2553609740749907	0.1699194145000261
64	0.481114443520609	0.2400086028329651	0.2709571873989839	0.0079197662474421
65	0.8479942176224563	0.0115036082959267	0.1123048796413521	0.0281972944402646
66	0.5007237985484264	0.1669973904531021	0.3030734967937486	0.029205314204723
67	0.0765441212906067	0.867040619047215	0.0506591713202698	0.0057560883419083
68	0.8834494595572807	0.0666703838285801	0.0351343753299093	0.0147457812842302
69	0.1301164643502145	0.6209193542000752	0.2046653125518927	0.0442988688978176
70	0.4911466985770331	0.3504575691600345	0.1444524696623158	0.0139432626006167
71	0.0233382247896622	0.1702691162790712	0.0700732529477454	0.7363194059835209
72	0.0203405715878744	0.6147404270073245	0.0566435507216945	0.3082754506831065
73	0.6821221814756333	0.1253847891638526	0.1760099837176135	0.0164830456429005
74	0.0823539245898248	0.745775906046378	0.150615821295374	0.0212543480684234
75	0.0017769199572227	0.8456953316624048	0.140408203088248	0.0121195452921245
76	0.0129613580282212	0.7386580263424881	0.2445371368790238	0.0038434787502667
77	0.0064094211090807	0.885004814531661	0.0852324741326869	0.0233532902265709
78	0.0070345903006823	0.8707778427077116	0.1142443069605411	0.0079432600310647
79	0.0069354726833371	0.883765582413011	0.0950387549284276	0.014260189975224
80	0.0220607219832293	0.6971516182415252	0.2699599954970469	0.0108276642781985
81	0.0220726219969743	0.507191252330327	0.4013746166424865	0.0693615090302118
