label_id	archetype 1	archetype 2	archetype 3	archetype 4
1	0.4527855755103422	0.2032382463501953	0.3346284598460299	0.0093477182934322
2	0.828179191782486	0.0651842817280067	0.0956565322257015	0.0109799942638055
3	0.1006314440543696	0.6539931452714255	0.1057961002162791	0.1395793104579258
4	0.0318359740908094	0.7536152847165519	0.1154667095993792	0.0990820315932595
5	0.3100860336355053	0.5000838746323429	0.1492518216263254	0.0405782701058266
6	0.6436703623108136	0.1167106975788279	0.2270102674798564	0.0126086726305023
7	0.7124884248229353	0.0788200799954275	0.1997593589285444	0.0089321362530925
8	0.3648450865406884	0.2620955925840068	0.3536048514322469	0.0194544694430581
9	0.9291494505416728	0.0060852194533031	0.0611919612578006	0.0035733687472236
10	0.5338824411948881	0.2148748153264577	0.2272260625218448	0.0240166809568091
11	0.3351261150595281	0.2865236800907941	0.3345504070873302	0.0437997977623474
12	0.6628874910796055	0.1456210188264712	0.165856709121845	0.0256347809720782
13	0.7396019638826092	0.0878153567014344	0.1514727116215318	0.021109967794424
14	0.9615947104383628	0.0060844349380114	0.0297825831444575	0.0025382714791677
15	0.1033493372043377	0.7019266535936483	0.1501322374934698	0.0445917717085442
16	0.7836415871277552	0.0324631521721797	0.170275385637483	0.0136198750625819
17	0.6007394949055112	0.1368748794079714	0.2539797080169298	0.0084059176695879
18	0.5227346903575741	0.1903366412246012	0.2783410351378135	0.0085876332800112
19	0.6256216287090988	0.1904274120406627	0.1787400451286244	0.0052109141216138
20	0.5704725688188856	0.2458891078131676	0.1495644695693858	0.034073853798561
21	0.1107253679884281	0.5432511506292528	0.3209775827212101	0.0250458986611086
22	0.0822826883799722	0.4801825155235693	0.4140101379434707	0.0235246581529876
23	0.7181752765043401	0.0586448362233268	0.2149369179213684	0.0082429693509645
24	0.0659062519744162	0.6558264421965238	0.1860995610765505	0.0921677447525093
25	0.3966755647012361	0.259331125461471	0.2012670806731495	0.1427262291641433
26	0.5610464585694929	0.1826051581648347	0.1493029670080952	0.1070454162575774
27	0.5931270733869852	0.1736268724327777	0.2042195071463295	0.0290265470339076
28	0.570091894516851	0.1553851054928694	0.2326352287539336	0.041887771236346
29	0.5059195592018421	0.2019107421535804	0.2677442908499563	0.0244254077946212
30	0.7093172077069417	0.1707959961584659	0.1064803481936715	0.0134064479409206
31	0.3058083506555631	0.4010041236032163	0.181477835592212	0.111709690149008
32	0.2232422883890379	0.538335895194292	0.1337145657427832	0.104707250673886
33	0.2095083026156614	0.4357881573146973	0.1549353547597205	0.1997681853099208
34	0.4575910975466687	0.3188143460196519	0.1687452304654106	0.0548493259682685
35	0.5972172024788818	0.0884248164791038	0.2565974317220743	0.0577605493199398
36	0.1940647018395462	0.3700172412102392	0.2821725348840361	0.1537455220661782
37	0.3202363149333711	0.2656143861466425	0.2366502911627939	0.1774990077571926
38	0.0379993357536006	0.7286073294168389	0.2048648587282489	0.0285284761013113
39	0.7765325708439923	0.1136126414441309	0.079228222952637	0.0306265647592396
40	0.5013253214897955	0.3328111953679879	0.113914087725217	0.0519493954169994
41	0.5299194386257666	0.2587515324545982	0.1681926815901532	0.0431363473294818
42	0.1538454859232162	0.523774036838854	0.1897725108008995	0.1326079664370304
43	0.6399170676777769	0.1772802596496313	0.1075076031132733	0.0752950695593183
44	0.2391705518077569	0.429119918434864	0.2782703036934528	0.0534392260639261
45	0.8942237693550767	0.0512583067059673	0.0531659425401679	0.0013519813987877
46	0.1092445267598615	0.6431410050244148	0.2322989803600543	0.0153154878556692
47	0.8689748573188163	0.0280834849266615	0.0843620732294563	0.0185795845250658
48	0.6888829307424676	0.1637129272686748	0.1216050413650284	0.0257991006238288
49	0.7354621802512107	0.0451508246727043	0.1823172164624812	0.037069778613604
50	0.0308288938948084	0.7483093471963126	0.1482293056855426	0.0726324532233362
51	0.407468301160146	0.3359393521628692	0.203865201788869	0.0527271448881156
52	0.423634879797385	0.0669489233743449	0.1945050276298875	0.3149111691983826
53	0.2849135396661869	0.4063624326614097	0.2537323155950037	0.054991712077399
54	0.0517539423640292	0.5053296820327375	0.1934256231280039	0.2494907524752295
55	0.8059222541066842	0.072342387358978	0.1073097502625911	0.0144256082717465
56	0.956958137592694	0.008580746776678	0.0329198602889737	0.0015412553416543
57	0.1199055309015926	0.6047739965970642	0.2075561730707107	0.0677642994306321
58	0.3594133768394867	0.1128042750321835	0.2256524998764717	0.302129848251858
59	0.79341372700391	0.0245269186738292	0.1666350581551115	0.0154242961671494
60	0.0878764337238081	0.6139576543121967	0.1532431274028287	0.1449227845611663
61	0.0631113113208429	0.8081239951596945	0.1102133550687916	0.0185513384506706
62	0.0489166386590574	0.4866538678448128	0.4051339101449734	0.0592955833511562
63	0.0742770185678581	0.5710285287961826	0.3042268605149571	0.0504675921210026
64	0.6214096021605727	0.0387243403642777	0.2107460387267727	0.1291200187483768
65	0.1128332903040996	0.3658723906669374	0.1582676807080275	0.3630266383209357
66	0.7115468194090034	0.110101338520665	0.1115506046473702	0.0668012374229611
67	0.0209837654152022	0.5044071253917127	0.2385967338944449	0.2360123752986402
68	0.9272450027354536	0.0173342210948034	0.0507152957785835	0.0047054803911595
69	0.7987826277883101	0.0338249146934077	0.1417538718845732	0.0256385856337089
70	0.2005708208033325	0.5824337715496875	0.149150384024678	0.0678450236223018
71	0.8452076673605738	0.0483390020558575	0.0719336912238439	0.0345196393597246
72	0.2818694308068325	0.2078599661412972	0.2164571862202664	0.2938134168316034
73	0.2438323549205159	0.099670345789218	0.119273526674438	0.5372237726158282
74	0.8519443182369173	0.0310021873546426	0.1032948085460243	0.0137586858624158
75	0.8672202272350864	0.0104856160708308	0.0542673387478603	0.0680268179462222
76	0.092220635225565	0.3129959617004353	0.177210400432144	0.4175730026418559
77	0.6404138752082149	0.1171253663070806	0.159200534992538	0.0832602234921661
78	0.7938702641027	0.0894321603619571	0.1015845677637176	0.0151130077716251
79	0.0274781800583342	0.8384941502534934	0.1077843894394111	0.026243280248761
80	0.9661608041075304	0.008206943467361	0.0219721096224725	0.0036601428026361
81	0.0279446089818808	0.7493891498088855	0.1093228072015063	0.1133434340077274
82	0.0323151413763743	0.6280913487793546	0.1992104558246602	0.1403830540196107
83	0.0165922395072268	0.4174272436545988	0.3391586129982443	0.2268219038399298
84	0.0536262012762054	0.7429383503139431	0.124703864316249	0.0787315840936027
85	0.0812735968956927	0.7397500831659934	0.1557883362305601	0.0231879837077535
86	0.0317356055758965	0.8135542985716873	0.113709879997772	0.0410002158546444
87	0.0293993373183944	0.4771927123893781	0.1999162514707346	0.2934916988214925
88	0.0279771814333143	0.6516909275478883	0.2294631299140145	0.0908687611047831
89	0.8155567381354338	0.0571711287926672	0.0944966210492355	0.0327755120226634
90	0.0487665244063899	0.6119791600854497	0.2857343351689791	0.0535199803391813
91	0.0427796395341584	0.192417667494693	0.4304873987341144	0.3343152942370337
92	0.1157979308246029	0.4645129113507049	0.2273127760496827	0.1923763817750096
93	0.0326252159707177	0.3773960895896754	0.4381516302262444	0.1518270642133624
94	0.0158779664643534	0.8943594200481128	0.0629093954117952	0.0268532180757389
95	0.3030171636061657	0.050070442722171	0.1666513684438204	0.4802610252278425
96	0.0143687140058361	0.1839505443102571	0.3823493234056074	0.4193314182782993
97	0.0610485848994601	0.4628392787767603	0.3454900693474559	0.1306220669763236
98	0.0256381447105562	0.2307443685615537	0.4475390914153688	0.2960783953125209
