label_id	archetype 1	archetype 2	archetype 3	archetype 4
1	0.0223460591110525	0.5188038673726918	0.2866042801560445	0.1722457933602108
2	0.900564486354937	0.009285249035437	0.0568234864606722	0.0333267781489532
3	0.5227010503494888	0.3453525711629836	0.124199264948866	0.0077471135386614
4	0.0650482877726333	0.4215201300130209	0.5110238679162681	0.0024077142980773
5	0.271257010536641	0.1608846422214979	0.3698540366447882	0.1980043105970724
6	0.6603377537593191	0.0309492985683977	0.2958245259702671	0.0128884217020159
7	0.9631976913979646	0.005480899630892	0.0236138134045637	0.0077075955665795
8	0.7786263706659972	0.0194993206890984	0.2006030624611522	0.0012712461837522
9	0.3010679597041744	0.2266512479870744	0.4675346397205225	0.0047461525882288
10	0.8721141001033316	0.0409830807877577	0.0794631776325285	0.0074396414763823
11	0.7210667481974775	0.0696906685655629	0.1987123217421985	0.0105302614947609
12	0.9929503512465032	0.0022817328215754	0.0043266538494001	0.0004412620825208
13	0.9429727772418994	0.0139383667447265	0.0316633248729958	0.0114255311403785
14	0.96212719422074	0.0030272857807981	0.0326952265906161	0.002150293407846
15	0.9831923386817326	0.0029492286309636	0.011062091678377	0.0027963410089263
16	0.9621237421156414	0.0229112085345915	0.0132547374024451	0.0017103119473219
17	0.3712020087669144	0.2988726115831321	0.3109075294916307	0.019017850158323
18	0.5263448420890176	0.1042640430532016	0.367367845249936	0.0020232696078446
19	0.9566065088438122	0.005837718865569	0.0318417459493071	0.0057140263413117
20	0.7522122547559138	0.0482408144396153	0.1859734214908505	0.0135735093136201
21	0.8946086288777296	0.0254571570049791	0.0683873818427908	0.0115468322745001
22	0.978781074796581	0.0026619281154505	0.0179291540993846	0.0006278429885842
23	0.6907651817464627	0.1634519593414377	0.1259046255629498	0.0198782333491498
24	0.8064948362463421	0.0634444962397482	0.1117888753730746	0.0182717921408345
25	0.8645344315503193	0.0180367540592749	0.0828764673583479	0.0345523470320582
26	0.0471204156462752	0.3015867238191811	0.6464907453933595	0.0048021151411844
27	0.9562594752797514	0.0125672288686375	0.0264756458094817	0.0046976500421292
28	0.9357917934559352	0.0143172276210326	0.0333462628126171	0.016544716110415
29	0.7598231498154587	0.0954849509759349	0.1360151667998019	0.0086767324088042
30	0.9712432003035316	0.0035644913644419	0.022115620447264	0.0030766878847626
31	0.9207006551495058	0.0242276838530848	0.0277125985814446	0.0273590624159644
32	0.1108566127385212	0.3767726106531709	0.4922983932947631	0.0200723833135445
33	0.2398255080592292	0.3577414267407008	0.3935833851475389	0.0088496800525309
34	0.5915616487341969	0.0802094345967888	0.3164036253921774	0.0118252912768368
35	0.1280826611251307	0.6216386094338456	0.2397983451365045	0.010480384304519
36	0.9249520638667352	0.0401984180471906	0.0303932726974822	0.0044562453885917
37	0.9060573972985654	0.0252069398473793	0.065414136666015	0.0033215261880402
38	0.7891373170436242	0.0559841276049402	0.1523234034090204	0.0025551519424147
39	0.8772900035950014	0.0233400158785515	0.0952436524238956	0.0041263281025511
40	0.954891228139224	0.0132537889677085	0.0231107057009692	0.0087442771920982
41	0.8374064407215918	0.0372532785330012	0.1097622028092865	0.0155780779361201
42	0.9657208451676932	0.0133085412730065	0.0148156740875368	0.0061549394717637
43	0.0993783652310275	0.1818403963643387	0.7138288780282874	0.0049523603763461
44	0.1053918478265564	0.2566956231489025	0.1053723902767533	0.5325401387477877
45	0.0503221406650776	0.738734861576331	0.2074585576896646	0.0034844400689268
46	0.8581673125317105	0.0591524219995367	0.0768292131803374	0.0058510522884149
47	0.009206409389551	0.008947333294978	0.0257750628142064	0.9560711945012644
48	0.3040761106513811	0.1875333756323805	0.479852256853284	0.0285382568629548
49	0.9516868192789464	0.0090880906458847	0.0371896728979472	0.0020354171772219
50	0.9325012203029118	0.0046288338324729	0.0571638788103456	0.0057060670542694
51	0.4001317757366135	0.0590096442437182	0.5392859874043252	0.0015725926153427
52	0.4191059804242725	0.3877133254942523	0.1839704440769522	0.0092102500045227
53	0.7656475550842633	0.0454500521156256	0.1480740773601749	0.0408283154399357
54	0.7866350683245311	0.0564538305260158	0.1423591134258492	0.0145519877236042
55	0.6241859101185857	0.1336235645797507	0.2250677277221023	0.0171227975795611
56	0.0499501649658014	0.095134337937333	0.852665522351987	0.0022499747448783
57	0.0151056070794434	0.8866565392986888	0.0913507734430739	0.0068870801787935
58	0.5332250206581962	0.1600660511927426	0.2997045767658885	0.0070043513831728
59	0.180579972560587	0.2608026957149877	0.5238815247412574	0.0347358069831677
60	0.0297299270954464	0.0380744004993714	0.7755829240588215	0.1566127483463609
61	0.1991018530715099	0.0879114711881158	0.6726391678631023	0.0403475078772718
62	0.1623712259000479	0.1826768954801872	0.6025972399803545	0.0523546386394107
63	0.0378480262156241	0.8182265028649729	0.1386396211877697	0.0052858497316333
64	0.0470635007741665	0.8644071750374283	0.0860190011528796	0.0025103230355255
65	0.5878550501066512	0.2100928512174028	0.183346605365663	0.0187054933102828
66	0.5398238193612103	0.1792084352669615	0.2522237895695369	0.0287439558022912
67	0.3481564889853151	0.083703485419756	0.5514689858306974	0.0166710397642314
68	0.3118771534605155	0.221410004510033	0.3967807841776186	0.0699320578518329
69	0.0036797234780671	0.7072406959345496	0.286794479301423	0.0022851012859602
70	0.7820489411392025	0.1212689272178392	0.0868921915100857	0.0097899401328724
71	0.7028665523818628	0.085821816261731	0.1926958123546686	0.0186158190017372
72	0.0218913912405041	0.7049126454479719	0.2716099106287424	0.0015860526827816
73	0.1407027232594281	0.5928197507523141	0.2358250704007027	0.030652455587555
74	0.6271219760234975	0.2160610742814685	0.0977323557948461	0.0590845939001879
75	0.8459435596623622	0.0539851835768257	0.0909647140970589	0.0091065426637533
76	0.7160730757438463	0.2218991988110879	0.0562140920277115	0.0058136334173543
77	0.8063700107582285	0.1384096589438734	0.0483356854502881	0.0068846448476102
78	0.0148852338352208	0.5192667593862402	0.4623511814329133	0.0034968253456256
79	0.0207620799753583	0.0968997127559806	0.8773016604932856	0.005036546775375
80	0.3386887371219534	0.402318811937936	0.2333510976515603	0.02564135328855
81	0.0139651769393755	0.5034868510709672	0.4525955693242032	0.029952402665454
82	0.203343844381658	0.7390542451488118	0.0475774958104107	0.0100244146591195
83	0.3358167044842177	0.4766867216492972	0.1779676649858612	0.0095289088806238
84	0.95798142510233	0.0054033258868935	0.035895253648174	0.0007199953626022
85	0.0758188826343675	0.470611538105262	0.2520665233978233	0.2015030558625472
86	0.2079447364973545	0.6979772195022726	0.0731639201117787	0.0209141238885938
87	0.4333030461177815	0.0799506303120571	0.2520161190627925	0.2347302045073688
88	0.4259134899211459	0.221433522716828	0.2805856722356495	0.0720673151263763
89	0.7094070255316737	0.2683694348403062	0.0200583216677774	0.0021652179602425
90	0.8868331331434441	0.0128989729518604	0.0915181251445249	0.0087497687601702
91	0.0701032478830113	0.7653400913151556	0.1048544667021082	0.0597021940997253
92	0.4794776618768839	0.2251416097535145	0.2793181741845202	0.0160625541850816
93	0.02559525639643	0.9432781060523392	0.0301129564579698	0.0010136810932609
94	0.0305231260968539	0.8874803418347922	0.080054248083142	0.0019422839852122
95	0.0088404205869897	0.5484308923313634	0.390371002308049	0.0523576847735979
96	0.2800018585028471	0.5116535680682129	0.1889762061203524	0.0193683673085877
97	0.1096275292895825	0.0942672867582677	0.2458246238107377	0.5502805601414121
98	0.2527194610602797	0.3159674372511565	0.4086217453712725	0.0226913563172913
99	0.5556341203903584	0.303874857732063	0.1357745135380607	0.0047165083395176
100	0.8652151259379707	0.0133913837774416	0.0885768812493539	0.0328166090352335
101	0.0641840856894267	0.7350844111502868	0.137313440551806	0.0634180626084804
102	0.0017298295696404	0.0717653573852661	0.0194094347527872	0.9070953782923058
103	0.2201356198680856	0.3196672004628788	0.4450513782308127	0.0151458014382231
104	0.0845383742668001	0.7756069702142754	0.1328576231528462	0.0069970323660783
105	0.0047009922591766	0.7516145028152282	0.2207782667156491	0.022906238209946
106	0.233358092282564	0.3516932915832182	0.4078148106959119	0.0071338054383058
107	0.0383153234013719	0.8641663525882525	0.0834213204877151	0.0140970035226605
108	0.0692666571703377	0.350079696127102	0.555250510144077	0.0254031365584832
109	0.1213798603555634	0.1811506299570778	0.4141990075922042	0.2832705020951544
110	0.0149203032623615	0.8546416817973197	0.124147449518075	0.0062905654222436
111	0.0078023586984605	0.7981905499354708	0.1880466690250381	0.0059604223410305
112	0.0677480640014309	0.432570498965082	0.4756819132124898	0.0239995238209974
113	0.0766282794922627	0.4644945438293304	0.4397608368555568	0.0191163398228499
114	0.5942780572632689	0.0399407610571225	0.31022345269659	0.0555577289830184
115	0.0208252170938571	0.755616921903923	0.2196271818493444	0.0039306791528754
116	0.1517135832980924	0.7139132966780091	0.1265554113282684	0.0078177086956297
117	0.1867098783485449	0.4796653168953504	0.2897304727613517	0.0438943319947526
118	0.0280117769699721	0.6918808205871454	0.2767982923230162	0.0033091101198663
119	0.0074524375376675	0.7886806417867219	0.1802233180372606	0.0236436026383499
120	0.0144562185808806	0.7884093899011869	0.1932313133159779	0.0039030782019546
121	0.0627648959411657	0.379555979014354	0.538082036171567	0.0195970888729132
122	0.1565647980105201	0.4684353870577924	0.3529941387637003	0.0220056761679872
123	0.3245248053162253	0.3708955711936492	0.2937242778736415	0.0108553456164838
124	0.1059627530291596	0.2484917773614594	0.6039107458327443	0.041634723776637
125	0.0040680298483813	0.9179214178514092	0.0766586423955252	0.0013519099046842
126	0.0137200794231819	0.4351538184757185	0.1764983406338215	0.3746277614672779
127	0.0084417755202179	0.2686005809181617	0.6189131204886185	0.1040445230730015
128	0.0374380113213491	0.6384880660399473	0.3070794592943782	0.0169944633443252
129	0.1410838064384082	0.539934876029628	0.3000562770030193	0.0189250405289442
130	0.1297770015971028	0.1197783799797559	0.6182743554943708	0.1321702629287704
131	0.0187088911841718	0.7705945355136831	0.2087688181681713	0.0019277551339736
132	0.0132471611439102	0.6791405969541904	0.3026256303113966	0.0049866115905027
133	0.0611785882949771	0.249658718780239	0.1548312013198778	0.5343314916049062
134	0.2877464306721218	0.641611920208982	0.0499644725498761	0.0206771765690202
135	0.0110794542096822	0.7381675861082809	0.1313371675100598	0.119415792171977
136	0.0038530998200828	0.8989591762007365	0.0943626014996011	0.0028251224795793
137	0.0186580608204787	0.8250983571259791	0.1542568523502924	0.0019867297032495
138	0.0088265753409996	0.8434556001846966	0.136714455994864	0.0110033684794397
139	0.0096746402189174	0.8180071984762645	0.1446862396145341	0.0276319216902837
140	0.2194168607460706	0.0389547611943338	0.0939673777708269	0.6476610002887686
141	0.0318932138512311	0.0884595772425478	0.7460544540856174	0.1335927548206037
142	0.0318697795043566	0.5976764541957359	0.3419547862362098	0.0284989800636978
143	0.1125168224591177	0.5476457450141875	0.3114311429548865	0.0284062895718082
144	0.0150938293493611	0.0742592991896829	0.6066889719522596	0.3039578995086964
145	0.0276333253476205	0.0416844167794505	0.2136902684679705	0.7169919894049582
146	0.0039753783377817	0.8221252141133906	0.1024893953764636	0.0714100121723641
147	0.210903076499697	0.3646059580572743	0.2829213325861962	0.1415696328568325
148	0.0036005459731588	0.8961748011563361	0.0980491241928102	0.0021755286776946
149	0.0008435583101931	0.0049406873952933	0.0090126461953577	0.985203108099156
150	0.0020417661514529	0.8754607950119211	0.1038643834490661	0.0186330553875599
151	0.0061245014928108	0.8993551138420923	0.0931794826304576	0.0013409020346392
