label_id	archetype 1	archetype 2	archetype 3	archetype 4
1	0.0734424434060509	0.5603844580039105	0.3641672584772137	0.0020058401128247
2	0.0606562685680352	0.6999177037404283	0.2319851233853825	0.007440904306154
3	0.0074349541677401	0.8815493136521739	0.0871401632759331	0.0238755689041528
4	0.9004708347819438	0.0706221156509915	0.0274730561140252	0.0014339934530394
5	0.0565179126802341	0.6236428582154832	0.3160143960138555	0.0038248330904272
6	0.0075788407428953	0.7849906068916552	0.2056210860775089	0.0018094662879406
7	0.7845242003550006	0.0944641358224901	0.0651260614228487	0.0558856023996603
8	0.2687495928470194	0.1418544412308667	0.5736234257875507	0.0157725401345629
9	0.6479910050325669	0.0810806938276796	0.2602092596268354	0.010719041512918
10	0.6179485804152449	0.1525350667789113	0.2169217867663937	0.0125945660394499
11	0.8854978007190151	0.0303670030378088	0.0817719646278572	0.0023632316153186
12	0.0273815339725963	0.6882167475817254	0.265032651350735	0.0193690670949431
13	0.0329899957349402	0.1403774047039823	0.7168522226782509	0.1097803768828266
14	0.5166164465294171	0.3189694964521917	0.1456681178233288	0.0187459391950621
15	0.9493425330824742	0.0172608745594926	0.0284460137952909	0.0049505785627423
16	0.604609483419516	0.2240927539348361	0.1541456335560993	0.0171521290895486
17	0.384568879955088	0.4663693806719783	0.1333995249350411	0.0156622144378924
18	0.340304226458121	0.4607925982058583	0.141902008241446	0.0570011670945744
19	0.956652603894704	0.0098630484774989	0.0326070829853001	0.0008772646424968
20	0.004285989964454	0.7030144388623036	0.2888388598156137	0.0038607113576285
21	0.0044598363630547	0.4895960884011973	0.5033217171264605	0.0026223581092875
22	0.0859113991072339	0.7158097168696672	0.1814668480611163	0.0168120359619827
23	0.0830321754769282	0.2932607842850075	0.5353020941855373	0.0884049460525265
24	0.3802238934846975	0.0619728420494509	0.5483318428465773	0.0094714216192741
25	0.1979110126917969	0.572576335757779	0.140512939650929	0.0889997118994953
26	0.734396421566974	0.084699568842912	0.1759689568223421	0.0049350527677715
27	0.4380623821552569	0.4115192524989624	0.1413532349422481	0.0090651304035327
28	0.0651389011602844	0.6191547563356197	0.3085143093060334	0.0071920331980626
29	0.3189281606264337	0.4409180724716614	0.1663038264505363	0.0738499404513687
30	0.1057284758801518	0.2532777559039389	0.6164605721273962	0.0245331960885129
31	0.2330997456070532	0.5620788947948239	0.1784985815291604	0.0263227780689623
32	0.153823266068316	0.3196226625476607	0.3950303080227857	0.1315237633612375
33	0.1351074631662863	0.6782862043821756	0.1695460760927824	0.0170602563587555
34	0.9396734154660528	0.0238746623371434	0.0356239272932904	0.0008279949035132
35	0.1127757498039651	0.5836051332922438	0.2197758776048069	0.0838432392989839
36	0.9430818461706698	0.0043096013405741	0.0498210647007287	0.0027874877880273
37	0.0675848182419462	0.4181915154747311	0.4871904707712771	0.0270331955120457
38	0.0105360262415168	0.7248858131537541	0.2203833479383764	0.0441948126663524
39	0.902194410942026	0.0124111468756485	0.0810279605349554	0.0043664816473698
40	0.4532732120654659	0.2125110358383935	0.0877947890221665	0.2464209630739741
41	0.2828253408995174	0.3414380440151003	0.2119081899107649	0.1638284251746173
42	0.7805614815288126	0.1139644120994133	0.0909202827258187	0.0145538236459548
43	0.0115337023787646	0.6112433397244547	0.3595283012767152	0.0176946566200657
44	0.0618782020854566	0.6813097914795504	0.2348292223056382	0.0219827841293545
45	0.0980265136035671	0.4563989853294976	0.4324693528337393	0.0131051482331955
46	0.9822510302825902	0.0022833307632557	0.0142924552853374	0.0011731836688165
47	0.7851120419636124	0.1157785556100162	0.0613989131208901	0.0377104893054812
48	0.7643565206744232	0.1217347682238135	0.1055773316845758	0.0083313794171877
49	0.9168394840978834	0.0159176530291655	0.0551778544858155	0.0120650083871356
50	0.9768703428102348	0.0010249190745358	0.0189799688825217	0.0031247692327073
51	0.862430917272121	0.0442628228338152	0.0877808518637631	0.0055254080303007
52	0.2739522202813041	0.519446819214949	0.1752584200096046	0.0313425404941424
53	0.8381690513849464	0.0133609588648711	0.1422596034489984	0.0062103863011843
54	0.0151340703313686	0.2790790142372778	0.6466757537954003	0.0591111616359532
55	0.1469258181302838	0.6907965216758751	0.1301965278501878	0.0320811323436532
56	0.0074229721778313	0.7681450482533849	0.1210723145382151	0.1033596650305687
57	0.798003852356111	0.0641889770606871	0.1282179674771761	0.0095892031060257
58	0.4530423414442261	0.0150931020159491	0.5188874257926152	0.0129771307472093
59	0.9198153210568846	0.0050829068896003	0.0554155171141144	0.0196862549394007
60	0.5914967045956344	0.0108827711057698	0.1385645898945041	0.2590559344040916
61	0.2005160382051541	0.3163372247094047	0.2008320005299754	0.2823147365554657
62	0.0431201929208195	0.0093560865432694	0.1982362102073406	0.7492875103285705
63	0.9320826789028662	0.0074070925154413	0.0554781069799035	0.0050321216017886
64	0.8644212442038564	0.1151961255583469	0.0182015713925509	0.0021810588452459
65	0.0015698809556598	0.0350527368950802	0.0319985258707519	0.931378856278508
66	0.6164802091334959	0.2347692359966854	0.0737592627901501	0.0749912920796685
67	0.0472387468480426	0.8260952957953426	0.1144021709039283	0.0122637864526862
68	0.288220156758061	0.5682200301290461	0.1206748969038668	0.022884916209026
69	0.0553927440019513	0.6775954589905769	0.1810419931824064	0.0859698038250652
70	0.0986148551317347	0.3890087089054575	0.4823522860792216	0.0300241498835861
71	0.0688770924087216	0.7236580510145496	0.1772135828432978	0.0302512737334309
72	0.5533781167824497	0.0443158549915484	0.2199574697396198	0.1823485584863819
73	0.6619102532916934	0.1958610968208264	0.1063863275458923	0.0358423223415877
74	0.0033148308963182	0.0049797915521121	0.010274050069344	0.9814313274822256
75	0.0377534900260957	0.7562718238908674	0.0914564645075617	0.1145182215754754
76	0.1169504397366585	0.5040802433716072	0.3075962526114401	0.0713730642802944
77	0.0037920915112631	0.9013875540000922	0.0403179417458198	0.0545024127428245
78	0.0308869020099229	0.7354203316900093	0.1160260973249966	0.1176666689750708
79	0.0131702223499495	0.7501475948662605	0.1978878033782383	0.0387943794055516
80	0.0095885534797309	0.7424662611145131	0.2078539704139764	0.0400912149917795
