label_id	archetype 1	archetype 2	archetype 3	archetype 4
1	0.4477037591881574	0.2647192297683052	0.265592302165792	0.0219847088777452
2	0.0978668290644054	0.1342001080582419	0.7561148628817514	0.0118181999956008
3	0.7218332489299316	0.030967396108157998	0.2426263727839347	0.0045729821779757
4	0.9834132909942199	0.0032765710741593	0.0123625644861765	0.0009475734454438
5	0.8966751527517677	0.0691560518133317	0.0314806300858707	0.0026881653490298
6	0.064599568941811	0.6745703326128085	0.2510914594809189	0.0097386389644614
7	0.5016916958267951	0.0779729575340023	0.1448123813959699	0.2755229652432327
8	0.18349014161441002	0.4314126028386006	0.3644449531343735	0.020652302412616
9	0.1947838484639555	0.7669485375343147	0.0367834082171493	0.0014842057845804
10	0.9801985835775748	0.0059051902421324	0.0128015807450803	0.0010946454352122
11	0.3217141227203154	0.1820332570243296	0.4714890015723678	0.0247636186829872
12	0.9155645139970822	0.0293058024966123	0.034591657355201005	0.0205380261511043
13	0.784285021252994	0.0808602400365885	0.130665284695151	0.0041894540152663
14	0.19592446210215503	0.677569960213423	0.1231484316958529	0.0033571459885687
15	0.9015198470977625	0.030923026824218	0.0593917190852918	0.0081654069927275
16	0.9416627501292629	0.0182968669327999	0.0320196873343039	0.0080206956036332
17	0.9603484002858506	0.0116029023856695	0.0276111559640579	0.0004375413644219
18	0.0452024894526939	0.7824850982105958	0.1684846580115674	0.0038277543251423
19	0.1437379133361268	0.39658669020889403	0.3870551436883111	0.07262025276666799
20	0.0711024849054289	0.6488651977497739	0.2748188781094989	0.0052134392352981
21	0.4432605769241347	0.2657738926474567	0.2075278272828859	0.0834377031455223
22	0.9690764342454272	0.0066321933829607	0.019018896930365	0.0052724754412468
23	0.258634059608429	0.1143765710962138	0.6199428843117685	0.0070464849835888
24	0.9968960802017444	9.607756454526983e-05	0.0027875194427999	0.0002203227909107
25	0.0099852818751215	0.9073551641544604	0.0801868608708456	0.0024726930995724
26	0.3100506242452217	0.159285738497432	0.4680288613162388	0.0626347759411075
27	0.9774760706319384	0.0113284529974031	0.0108702404982394	0.00032523587241900005
28	0.1222321302069477	0.6066661292584279	0.2578829863360627	0.0132187541985613
29	0.0014408227307243	0.0100973071224109	0.0095596868913559	0.978902183255509
30	0.9881271105684488	0.0035906664007209	0.0079597743984363	0.000322448632394
31	0.8934218273457819	0.0393366076283159	0.0605340638549869	0.0067075011709152
32	0.8163361318101644	0.0471540233320466	0.1293541227795406	0.0071557220782484
33	0.0244339010372852	0.4993692255015831	0.4683341988833261	0.0078626745778057
34	0.0493465597048194	0.7337337901282485	0.2086793460506304	0.0082403041163016
35	0.9085328239464744	0.0321215341648361	0.0400358724157966	0.019309769472893
36	0.9785338856250828	0.004357474798899999	0.0141522887212654	0.0029563508547517
37	0.4299296549155179	0.0116893208032371	0.0756179397692664	0.4827630845119786
38	0.3047286491864271	0.3413964132771351	0.3473373815294734	0.0065375560069642
39	0.2712740436587418	0.4235904687317618	0.2552831957053937	0.0498522919041023
40	0.0552358019460324	0.7122880237736913	0.2141701067060246	0.0183060675742513
41	0.0370121545981562	0.8397771735466492	0.1209803548020495	0.0022303170531452
42	0.7089589057876157	0.0385573365836272	0.2097944139511006	0.0426893436776565
43	0.0079150541081289	0.9115277738851134	0.07969916693910699	0.0008580050676501
44	0.2559912969145036	0.2711648565890978	0.4696829322622586	0.0031609142341398
45	0.935140428976545	0.0162595426650891	0.0444682125288786	0.0041318158294872
46	0.8604026255067548	0.0345292192043861	0.0910153885495372	0.014052766739321999
47	0.0135922792744747	0.2326502631298953	0.5296225312505779	0.2241349263450519
48	0.7171823762229343	0.1593382811930725	0.1103988654030715	0.0130804771809214
49	0.0344146169246113	0.8013406001326673	0.1497952201735037	0.0144495627692179
50	0.0207948586868588	0.8424367691217957	0.13465907209893999	0.0021093000924059
51	0.0277897483358061	0.8763742973124715	0.0591638630865563	0.0366720912651659
52	0.0292744358796302	0.9511827544926602	0.0183348863646939	0.0012079232630155
53	0.0412163273819269	0.54717351591564	0.3924709515375237	0.0191392051649093
54	0.8449955117966264	0.0620035537435802	0.0884640007931218	0.0045369336666719
55	0.0122217524324525	0.7534381109211452	0.23151250726847303	0.002827629377929
56	0.0536019153554969	0.8554428168215849	0.0591581861510467	0.0317970816718714
57	0.2262446455676306	0.0272846330628991	0.2605730806560353	0.4858976407134348
58	0.0280572504103153	0.1356106108957776	0.8093539410752907	0.0269781976186161
59	0.7147927392618355	0.1150278016361286	0.1508863437972843	0.0192931153047512
60	0.0147884638266536	0.8786425449590863	0.1011523127639751	0.0054166784502849
61	0.0086571205947662	0.9271249306253218	0.0616333429785879	0.0025846058013239996
62	0.5461143234184314	0.1186722343473909	0.3257970653248457	0.009416376909331997
63	0.0428953348280691	0.5835656918378717	0.3666106673894935	0.0069283059445655
64	0.0199520947441434	0.5362885227837467	0.4185840640308115	0.0251753184412982
65	0.0194484317840685	0.8178810786157605	0.1574007646744711	0.0052697249256996
66	0.0027782171856470003	0.9245544345797321	0.0715019184332205	0.0011654298014004
67	0.0095961033808486	0.8493207539933173	0.1200489553579083	0.0210341872679257
68	0.1629201616080591	0.38574313861496096	0.4391132449641581	0.0122234548128219
69	0.2786096399419457	0.07867184001979902	0.1242836653209754	0.5184348547172797
70	0.0448473871174726	0.2337798588424665	0.1576038823182403	0.5637688717218201
71	0.2810262542828201	0.1806608457526737	0.5304305164974129	0.0078823834670931
72	0.0085048216803582	0.6690690968295279	0.3138535687979703	0.0085725126921438
73	0.2598224058000433	0.0887114864793287	0.6319530018785257	0.019513105842102002
74	0.0305189596245995	0.8368959192692557	0.1204399894140837	0.0121451316920608
75	0.0133692085625097	0.8612752738466264	0.06397426551812199	0.0613812520727417
76	0.0521626730702954	0.1029105806252756	0.8373306918522555	0.0075960544521733
77	0.4778084578165921	0.3023952466610554	0.115564040188524	0.1042322553338285
78	0.0013255746795933	0.9048141345510036	0.0925666885279996	0.0012936022414035
79	0.3173032053903279	0.2437588489212276	0.3467071891897352	0.0922307564987093
80	0.0199560491468954	0.5737129546600885	0.4027588075736813	0.0035721886193348
81	0.0034507780302431	0.9156093384936146	0.0792260542344079	0.001713829241734
82	0.1348987685404722	0.7376020895652694	0.1111165718920427	0.0163825700022153
83	0.0033360591096163	0.8353018179962187	0.0444978607787966	0.1168642621153681
84	0.0103215524352489	0.7841108737215142	0.1556442428869458	0.0499233309562911
85	0.4448329122231289	0.3159818933278457	0.1676629129662113	0.0715222814828141
86	0.0053182902111555	0.7981699668728899	0.192580667117837	0.0039310757981175
87	0.0043876767639005	0.8730228619784198	0.1212310049876405	0.0013584562700391
88	0.0018267613127741	0.000576011759231	0.002555999303856	0.9950412276241386
89	0.0211113962683052	0.2925176004406008	0.3830751403728183	0.3032958629182755
90	0.0080006679630531	0.8302471775569253	0.13450629786284501	0.0272458566171767
91	0.0040112754860101	0.8843608805476261	0.087182098019378	0.0244457459469858
92	0.0153718261664944	0.3484154197479875	0.6105470626076336	0.0256656914778844
93	0.621370364452157	0.0148750032083789	0.3236586787231431	0.0400959536163213
94	0.6921698829592281	0.0290090089388247	0.2503520351542183	0.0284690729477288
95	0.0037048085321679	0.6553009814973237	0.3389393903967134	0.0020548195737944
96	0.0028675164020087	0.8807753137450854	0.1132026374514332	0.0031545324014724
97	0.2805033275685384	0.042449222295139005	0.489901009048812	0.1871464410875103
98	0.0004701486255187	0.005750016874024999	0.0042039171712605	0.9895759173291959
99	0.2937977946794801	0.1200989290657017	0.5187786530548733	0.0673246231999448
100	0.0021431729862899	0.0417313748502381	0.0225784044439662	0.9335470477195053
101	0.0051064611390126	0.7533499502561246	0.1983689925539678	0.0431745960508951
102	0.663120901787479	0.0670292349697088	0.2402731213577285	0.0295767418850836
103	0.0002854972435834	0.0022407407328616	0.0056315512002076	0.9918422108233472
104	0.0063826431653055	0.8446407848474201	0.10130979829770499	0.047666773689569
105	0.008097588697617	0.650309990745296	0.2157758998118101	0.1258165207452766
106	0.0052932019317666	0.8471201523194163	0.137537963817992	0.0100486819308248
