label_id	archetype 1	archetype 2	archetype 3	archetype 4
1	0.8505373699237334	0.0621598508603196	0.0735058971656787	0.0137968820502681
2	0.3678600592030751	0.3649909063030936	0.2508988451439473	0.0162501893498838
3	0.9199229105754768	0.0171481573918268	0.0540941629127546	0.0088347691199415
4	0.1503250785879854	0.5378242593828079	0.2615357653752965	0.05031489665391
5	0.6754436614060683	0.1281941949545645	0.1656862574492331	0.030675886190133998
6	0.017637485770518	0.6895485899690347	0.1389000273740643	0.153913896886383
7	0.4692325785039141	0.3031493743754219	0.2023027660587387	0.0253152810619251
8	0.1288988483085022	0.5773791939039107	0.2152192355764358	0.0785027222111514
9	0.8837604221733014	0.0152893062562582	0.0979172977220844	0.0030329738483559
10	0.2908230431400384	0.3114779826241237	0.2743482667916456	0.1233507074441922
11	0.1065016286444664	0.2514428688516752	0.1689515763670117	0.4731039261368464
12	0.9605765778044753	0.0067172648786357	0.0314714337309981	0.0012347235858908
13	0.8799570381403962	0.0257775624248276	0.0895817902012866	0.0046836092334895
14	0.5813237765696402	0.1748340600006591	0.2315822804296603	0.0122598830000405
15	0.0736000937680178	0.471461505690808	0.16664531848008698	0.2882930820610871
16	0.4299621523878993	0.3445781361400738	0.1830686844160235	0.042391027056003
17	0.9471209759566648	0.004538828385927	0.0473627312550898	0.0009774644023183
18	0.4811802056063436	0.3095964909402776	0.1987098430895317	0.010513460363847002
19	0.9517015401390484	0.0044602478853356	0.0397612941689997	0.0040769178066166
20	0.8450307176730154	0.0437468587195724	0.1017273981759305	0.0094950254314815
21	0.4933705476021759	0.227218091468035	0.1343010342572792	0.1451103266725097
22	0.0232376453272649	0.2391540433530519	0.1474080816345992	0.590200229685084
23	0.7759631972639525	0.1260725014306503	0.0927530220038305	0.0052112793015667
24	0.7555811755685872	0.1000041556244953	0.1241415056755073	0.0202731631314101
25	0.5622146897309039	0.1642133810434874	0.1169153295930111	0.1566565996325975
26	0.159219130900751	0.4095728021292506	0.398977103299426	0.0322309636705724
27	0.6362517344265011	0.1314345398725594	0.1429193208400924	0.0893944048608467
28	0.7397907364719508	0.0619386098999334	0.1733405056021739	0.0249301480259415
29	0.1263616128506411	0.4943033431914053	0.152015799693209	0.2273192442647446
30	0.8470247284749585	0.0413336994441345	0.1036050144983551	0.0080365575825519
31	0.7052713665180732	0.1484826027389164	0.1367384222296928	0.0095076085133174
32	0.9232548371533584	0.016131823383515	0.0588958718133749	0.0017174676497521
33	0.1839553528862928	0.6256317623086605	0.1456973309949561	0.0447155538100905
34	0.576774622844249	0.1758886605342343	0.1951581967214576	0.0521785199000591
35	0.8192478189247728	0.0271964400555709	0.1483254244808045	0.0052303165388518
36	0.152818979350184	0.567667102663517	0.2471969968782131	0.0323169211080858
37	0.5091847690216375	0.1806592633118452	0.2446671554944298	0.0654888121720871
38	0.6835800143136869	0.1391638252623243	0.1642600306367688	0.0129961297872198
39	0.9244362512702944	0.0140276331097832	0.0589258835729464	0.0026102320469761
40	0.3475282965369955	0.1652006583754136	0.4523303999372934	0.0349406451502972
41	0.7573474323353523	0.0858983586036553	0.1306683671269677	0.0260858419340245
42	0.4087808420477521	0.4292248880954588	0.1229157795934115	0.0390784902633772
43	0.8225602222225057	0.0293031580905117	0.1417768616523816	0.0063597580346008
44	0.8775328114298167	0.0525491332218328	0.0656339847651007	0.0042840705832498
45	0.2125437169314816	0.4510516031133173	0.204171743889068	0.132232936066133
46	0.0827622779269693	0.5933164168169138	0.1522828655608583	0.1716384396952581
47	0.0187106461827108	0.5347389404303031	0.1787416947901334	0.2678087185968523
48	0.4097178313662236	0.3035876897405886	0.2637157793139841	0.0229786995792032
49	0.8205869466674699	0.0830635057544136	0.082467084526948	0.0138824630511683
50	0.3121612386877515	0.4958954877400275	0.17356197878345497	0.0183812947887657
51	0.9161493290636641	0.0203759537693559	0.0609947162441998	0.0024800009227805
52	0.2615082075207658	0.2312853934571944	0.260822814668964	0.2463835843530754
53	0.0204186260985112	0.7345668755457727	0.1704322616247676	0.0745822367309484
54	0.5677652944899665	0.1471953873101879	0.2665952461104509	0.0184440720893946
55	0.22107568226995003	0.3164574605084513	0.4219699837010016	0.0404968735205969
56	0.489664833824974	0.2727212616697793	0.2213868335011559	0.0162270710040906
57	0.4771956192246375	0.3845139726596714	0.1057460363815417	0.0325443717341491
58	0.8329936918880809	0.045703172695687	0.1159569550810337	0.0053461803351983
59	0.2762216565939537	0.3800478142051861	0.1382959495908646	0.2054345796099957
60	0.0098513705738213	0.6011908457533007	0.228780190696982	0.1601775929758953
61	0.0249609199835175	0.7120748168085111	0.1551595405234157	0.1078047226845555
62	0.0239252416576165	0.7487686429253316	0.1227854174908762	0.1045206979261753
63	0.7072828457612674	0.1893238051314811	0.0933867690741581	0.010006580033093
64	0.7135148814735625	0.1206498550722396	0.1188087383034783	0.0470265251507198
65	0.1017505804341989	0.5749287963742832	0.1386341071633293	0.1846865160281884
66	0.020338940975571	0.7434806606457414	0.1543780572807206	0.081802341097967
67	0.1299854387862453	0.5314867937314885	0.3187675286228758	0.0197602388593903
68	0.0315466430117844	0.7132846545200535	0.2392810207188968	0.0158876817492653
69	0.2924088074330376	0.4422040398049745	0.2129370755956022	0.0524500771663858
70	0.0641325761798538	0.6659604704276246	0.2423634006269368	0.0275435527655846
71	0.05907811966648901	0.63555207483471	0.1973458667849917	0.1080239387138091
72	0.3229970399012786	0.3775579822618784	0.2072062149082785	0.092238762928564
73	0.11152947864903501	0.20140751328185	0.3128210070916316	0.3742420009774834
74	0.7526988258369485	0.1490968721253758	0.0817673414891008	0.0164369605485746
75	0.1519023859549478	0.3991160150913608	0.3187755933683737	0.1302060055853175
76	0.0515387533664987	0.4842462765554152	0.1859257091573601	0.2782892609207256
77	0.8880576636596914	0.0284818059094576	0.0579519672980319	0.0255085631328189
78	0.0024245333583795	0.7468093103465397	0.1313706762480312	0.1193954800470494
79	0.0953830989422034	0.3123445970611673	0.2930586673414028	0.2992136366552266
80	0.0094834197595949	0.6131858003085567	0.3567322351017323	0.0205985448301162
81	0.4268257750484578	0.2489600883667027	0.2212119108135994	0.1030022257712398
82	0.2992425851479504	0.1034746999061215	0.1746618210365839	0.4226208939093444
83	0.8184596027179628	0.0080072041155295	0.1153904201021846	0.0581427730643228
84	0.298416502167911	0.3140293093434881	0.1922118386484687	0.195342349840132
85	0.2215270308017222	0.3028897803394088	0.2042421853516738	0.2713410035071955
86	0.4853138585379768	0.1615299917432795	0.0927564428272806	0.2603997068914627
87	0.6820520991679372	0.1150692121683663	0.1663727805337097	0.0365059081299865
88	0.0748358489649103	0.4638541200878371	0.3010281596749921	0.1602818712722603
89	0.2977849599474832	0.4368209598448143	0.1224708435534199	0.1429232366542827
90	0.0248832245347897	0.6237065618856379	0.1433551231601769	0.2080550904193952
91	0.0181305448529059	0.7162642227753249	0.1051532336144578	0.1604519987573114
92	0.019449751446631	0.3696755586404124	0.1455439699909106	0.4653307199220461
93	0.0119100630035919	0.5550869360295593	0.1407317048338636	0.2922712961329858
94	0.0912172756186731	0.4301768595327531	0.22279908160030604	0.255806783248268
95	0.0389549593399253	0.3374253162465413	0.3516333462756482	0.2719863781378854
96	0.029878656027599995	0.7392069238712091	0.1589283204512084	0.0719860996499823
97	0.0400283657777142	0.3314289807331885	0.1006585094938982	0.5278841439951991
98	0.0680757672173107	0.5040005420116818	0.3461485303392353	0.0817751604317723
99	0.1028179239593135	0.3396592246350069	0.1318566852299256	0.4256661661757543
100	0.0190150894147214	0.5826184147246244	0.1956608379048059	0.2027056579558485
101	0.0763565418987293	0.5805447808405474	0.2682457311875575	0.0748529460731659
102	0.0455581383468957	0.4501448813964606	0.3602257802124322	0.1440712000442112
