label_id	archetype 1_archetype_CFOR_probabilities	archetype 2_archetype_CFOR_probabilities	archetype 3_archetype_CFOR_probabilities	archetype 4_archetype_CFOR_probabilities
1	0.6532910941991308	0.1686288454842952	0.0682954587905489	0.1097846015260251
2	0.9381284550907418	0.015963129118042	0.0425886906731403	0.0033197251180758
3	0.0743335705609304	0.6284584843363643	0.1357931428679229	0.1614148022347824
4	0.4302672942517191	0.2507237332280266	0.2332373587346571	0.0857716137855968
5	0.9624426583325012	0.0067205603290981	0.0286961961113216	0.002140585227079
6	0.5168085703283037	0.2421752956812465	0.2046135849944376	0.0364025489960122
7	0.8677047189836197	0.0133958425407081	0.0867280048453724	0.0321714336302997
8	0.5991542797962469	0.1722929458756851	0.1798290422454046	0.0487237320826632
9	0.7234890813043068	0.0944830522312055	0.1593693336120971	0.0226585328523907
10	0.7278179053583513	0.0744462560695656	0.1800641017804912	0.0176717367915919
11	0.3289681460305334	0.3552931767182284	0.1072114330009068	0.2085272442503313
12	0.5207003361789495	0.377498757229866	0.0814417034866672	0.0203592031045174
13	0.6929158798760906	0.1529605046435926	0.126880827023698	0.0272427884566187
14	0.0282556166038079	0.5936377097258136	0.165474629033867	0.212632044636511
15	0.4543858725705559	0.1508470139317471	0.2902342238650489	0.1045328896326482
16	0.1470968677238308	0.2974867869626846	0.2225182814428359	0.3328980638706485
17	0.6480683271443157	0.0812263871841077	0.1694918033016429	0.101213482369933
18	0.8581498983383865	0.04030733360562	0.0946971224405061	0.0068456456154873
19	0.7433340274854571	0.1576023946979643	0.0809467663492018	0.0181168114673765
20	0.1257813873342048	0.3137002653604978	0.129924306854369	0.4305940404509281
21	0.6979470257188324	0.0732682644631059	0.2115868397447125	0.0171978700733488
22	0.1826758591172223	0.1723871243824947	0.3330739055292021	0.311863110971081
23	0.6256850695559146	0.0658363844827788	0.1545961207627032	0.1538824251986032
24	0.3760908230719534	0.1303405694561009	0.2933428205097388	0.2002257869622065
25	0.4607518087350098	0.1912508140802641	0.296363667665395	0.0516337095193309
26	0.0415520647102148	0.294082846180156	0.2999633040631718	0.3644017850464573
27	0.6481987010390343	0.1556905298487808	0.1789836420254499	0.0171271270867345
28	0.0332628231983447	0.4012935467542785	0.2944826540305654	0.2709609760168112
29	0.3982366495646618	0.2218103931411256	0.1342467451987174	0.2457062120954949
30	0.8167514422620725	0.0776656047410442	0.0754873949026289	0.0300955580942543
31	0.964312779448575	0.0024676930617808	0.0310957211063571	0.0021238063832872
32	0.2265521324539539	0.540966288163032	0.1401226139609521	0.0923589654220616
33	0.1872122118293463	0.2378387431451323	0.4021761800773605	0.1727728649481605
34	0.3949765012164238	0.2378776640559074	0.1726875391053922	0.1944582956222764
35	0.2171038911304434	0.3309930924014548	0.2273421116261282	0.2245609048419736
36	0.0363711154074298	0.077397690466448	0.1101136280003594	0.7761175661257625
37	0.7051727028463826	0.173341867976549	0.110738472521038	0.0107469566560303
38	0.924667427007212	0.0115636052827428	0.0559344087938892	0.0078345589161561
39	0.1001240997452309	0.4737672304559162	0.1683177278379178	0.257790941960935
40	0.0160926929723802	0.1227119297323968	0.0956921849812351	0.7655031923139878
41	0.0388066468365477	0.6226856473583552	0.1470767761804536	0.1914309296246436
42	0.3506679833845687	0.3551556882960058	0.1221354202456153	0.1720409080738102
43	0.0091641370916166	0.6430325400548816	0.129691865942984	0.2181114569105175
44	0.3829723935621316	0.3284358763680822	0.2571063656734467	0.0314853643963393
45	0.8861427554387751	0.0061977369681199	0.1060678247140485	0.0015916828790564
46	0.8399686507344927	0.0411302979092101	0.0944376764923558	0.0244633748639416
47	0.171393226662712	0.4812484423873634	0.2085597368926369	0.1387985940572874
48	0.8292818601050497	0.0430073866388217	0.0926374773641888	0.0350732758919396
49	0.3599628823047447	0.2169369011561158	0.3302474475902223	0.0928527689489176
50	0.7090131063815024	0.0962999045469506	0.1351030293114545	0.0595839597600926
51	0.4977406434993772	0.3494058511805144	0.124484873414612	0.0283686319054966
52	0.3316229688984709	0.4028072571571548	0.1834901707968645	0.0820796031475099
53	0.0876302198665416	0.3896663901770567	0.3959704089018822	0.1267329810545192
54	0.2846464806246458	0.208409007897437	0.2702488081081419	0.2366957033697752
55	0.915646200958063	0.0049267302321093	0.0703331125356477	0.0090939562741801
56	0.2238154721135082	0.5354580765479412	0.2139341467548404	0.0267923045837101
57	0.7296372135708481	0.0382494722122705	0.1154158617479289	0.1166974524689523
58	0.3908924670054297	0.3630079582091994	0.2044732082061783	0.0416263665791925
59	0.0810949436252721	0.2609813040397336	0.2829187660513249	0.3750049862836692
60	0.1852109125523175	0.6303256740917221	0.0945983645274855	0.089865048828475
61	0.1043402567348215	0.2936000636551442	0.3014938030206188	0.3005658765894155
62	0.4350656005843857	0.1261605072562175	0.3841534135901019	0.0546204785692949
63	0.8469945025732908	0.0080819691786329	0.1181787691473207	0.0267447591007555
64	0.5517431389764194	0.2610108201139497	0.1141323574023832	0.0731136835072476
65	0.0430590596931364	0.099116952170453	0.2061797858080088	0.6516442023284017
66	0.0941710534684969	0.5410393966618782	0.1663085556425276	0.1984809942270967
67	0.7084385793903192	0.1537187983105135	0.1124912847690104	0.0253513375301569
68	0.0917828492687794	0.5700556762708908	0.2757701470923246	0.0623913273680051
69	0.4867706721319339	0.1545615772883788	0.2212066205718645	0.1374611300078224
70	0.0119052445277691	0.0692630601044701	0.1260123767610156	0.792819318606745
71	0.067401660255814	0.5031152326932204	0.3316462080425833	0.0978368990083822
72	0.9222197094898096	0.0053154998546936	0.0665868308912114	0.0058779597642855
73	0.2055472146812436	0.5058031733655307	0.1886993372496248	0.099950274703601
74	0.2873933154662251	0.2519648313725304	0.3067924364012104	0.1538494167600338
75	0.1102947965382455	0.3651999133065655	0.2782399078051848	0.2462653823500039
76	0.3137255923018636	0.2370384224200969	0.1860073921994345	0.2632285930786046
77	0.356862199418071	0.188788335238102	0.1328687308898845	0.3214807344539424
78	0.4574634634129661	0.0581133650108571	0.2492061015943556	0.2352170699818211
