label_id	archetype 1	archetype 2	archetype 3	archetype 4
1	0.0869789277500859	0.4719906896755463	0.1117920544544089	0.3292383281199588
2	0.5041761336799714	0.1543207172472241	0.2500028489106466	0.0915003001621579
3	0.6148583584779679	0.2267917470609328	0.1281788918701486	0.0301710025909504
4	0.0113605963279502	0.1315536462980313	0.1248414508949064	0.7322443064791117
5	0.1195978841286754	0.5221456128533574	0.2041418558130384	0.1541146472049288
6	0.9796406944017959	0.003452130103836	0.0157815936571795	0.0011255818371881
7	0.3016181183903497	0.532910461332229	0.1447956035557306	0.0206758167216906
8	0.1815116420259701	0.5674411935632168	0.2318337152032065	0.0192134492076067
9	0.6293522796232053	0.2450615225940128	0.0887155595598513	0.0368706382229304
10	0.7172103890970883	0.1293032744217434	0.1408206694424298	0.0126656670387384
11	0.1835646507081716	0.4227492109975561	0.3522030835353272	0.0414830547589449
12	0.1127968383459417	0.6477801249303652	0.145607288829178	0.0938157478945149
13	0.8397902906605451	0.04887134842814401	0.1053327361946779	0.0060056247166331
14	0.2223091871222564	0.5412424254783152	0.1978698397075783	0.0385785476918498
15	0.9206634088136084	0.0179963491905399	0.0531440224019157	0.0081962195939359
16	0.4453897448742211	0.34521399438773304	0.1828742088222807	0.0265220519157651
17	0.7995376254002009	0.0523481748997027	0.1395735341527701	0.0085406655473261
18	0.7893767498737223	0.0881022770140846	0.1007660875188124	0.0217548855933805
19	0.6889379455011728	0.1214197367010268	0.1768821187338199	0.0127601990639807
20	0.2079024029022918	0.4814299456966553	0.2911889563668023	0.01947869503425
21	0.3267468916815988	0.2422465912802343	0.1651778892808713	0.2658286277572956
22	0.8199464529255651	0.1167423290556451	0.0575101893488065	0.0058010286699833
23	0.051062079605833005	0.6784091604885052	0.2259368387712762	0.0445919211343855
24	0.2232257608944696	0.5692355489949277	0.1791058865547753	0.0284328035558276
25	0.8040927154839724	0.0734642100315631	0.1134870619416063	0.0089560125428584
26	0.9187714559271158	0.0303191562541588	0.0490481390280028	0.0018612487907224
27	0.0223273535789706	0.5177306788931879	0.2961070306621582	0.1638349368656834
28	0.029236974786392998	0.6404733068070447	0.1655910774960028	0.1646986409105588
29	0.7348287849259759	0.0795245607381682	0.13717401330583398	0.0484726410300217
30	0.0676988859360653	0.6012777525523111	0.2940728627647572	0.0369504987468664
31	0.0312515442373726	0.5760304270271525	0.243144032558413	0.1495739961770616
32	0.5670721577935744	0.2161477981318467	0.1852314290335187	0.03154861504106
33	0.2801704127568798	0.5792055941648466	0.10214104965008	0.0384829434281933
34	0.9023430849869888	0.0162550361094237	0.078985570323803	0.0024163085797843
35	0.3390421544843561	0.505739720260461	0.1220112955171591	0.0332068297380239
36	0.8534802374125073	0.0499458337178312	0.0803133971551774	0.0162605317144839
37	0.1208150737753479	0.3835251240229849	0.2665392078780178	0.2291205943236491
38	0.9418300887057728	0.0031528950275328	0.0532088505363617	0.0018081657303324
39	0.8517722354455085	0.0412028395193066	0.0783809907968892	0.0286439342382958
40	0.1039908524408034	0.5747161237561822	0.2359630946530986	0.0853299291499155
41	0.0756266299621891	0.5569955378161376	0.1523293886958533	0.2150484435258197
42	0.3098963289245741	0.5316548247715265	0.1429368945999439	0.0155119517039556
43	0.8061870220788349	0.0952048104156486	0.0912435287644295	0.007364638741087
44	0.6121143180598756	0.2462781584637848	0.1162390410747912	0.0253684824015484
45	0.25114325994097303	0.3448364581382593	0.2716603784113579	0.1323599035094096
46	0.0403632177033947	0.7758296040560996	0.1442981377037107	0.039509040536795
47	0.1617319380310308	0.6694883190579193	0.1179038729768453	0.0508758699342044
48	0.3940779775010336	0.2535936053043258	0.3181040344400126	0.0342243827546278
49	0.0750244480546293	0.3950264178549537	0.3583812009136708	0.1715679331767463
50	0.6301448484099719	0.1281632772836988	0.1444641374500468	0.0972277368562824
51	0.3659668987947881	0.223569632631094	0.3656244584316783	0.0448390101424397
52	0.1406708446865699	0.17711382265741601	0.3544070077647299	0.3278083248912842
53	0.8737992737440707	0.0384911131966654	0.0689366762951537	0.01877293676411
54	0.0893641052979964	0.615007219602007	0.1450888893036578	0.1505397857963387
55	0.0495792898404008	0.5146429978578395	0.2159172454649732	0.2198604668367862
56	0.2083797217818708	0.3802229593664456	0.4007029038005543	0.010694415051128999
57	0.1533574824469658	0.4453311496981672	0.3668304154183019	0.0344809524365654
58	0.0319736097702537	0.3722655445955618	0.1194459713185407	0.4763148743156439
59	0.4502464625417854	0.4182167460445364	0.1143819556274457	0.017154835786232
60	0.4474805916131785	0.3692250490746541	0.1624403310462743	0.0208540282658929
61	0.0100397643148475	0.4235226329355329	0.210456547306968	0.3559810554426514
62	0.0882906725440527	0.1750516329531506	0.2538516686767776	0.4828060258260191
63	0.0860082599718785	0.5647958140496868	0.2989335088737002	0.0502624171047344
64	0.0225091139793467	0.7785916658387226	0.185243352089551	0.0136558680923794
65	0.2469930713122598	0.4594959777344359	0.2114794863388758	0.0820314646144283
66	0.0102555284544609	0.7393683776211296	0.2169000905759138	0.0334760033484958
67	0.2892639128167079	0.3348734204548635	0.2884081232264441	0.0874545435019843
68	0.1237214086494754	0.457936235054975	0.1015175877449693	0.3168247685505803
69	0.0171992924556386	0.5977829368577615	0.245533925920978	0.1394838447656218
70	0.0379873750776322	0.3212664018319915	0.2117972937110896	0.4289489293792867
71	0.01384296010874	0.7058337291277866	0.1135691708320006	0.1667541399314725
72	0.0564419934817559	0.7904596763563492	0.1390702953673802	0.0140280347945146
73	0.0372325570229314	0.817833618977164	0.1184308042060333	0.0265030197938713
74	0.0343215841457336	0.2002977693164867	0.3384472336384525	0.4269334128993267
75	0.0335010836190686	0.4679387768689626	0.1567802708024088	0.3417798687095602
76	0.8214479295879581	0.0731014238140015	0.0570871218246083	0.0483635247734316
77	0.05805451600147099	0.8187467954953198	0.0901984791216268	0.0330002093815822
78	0.0739965682682103	0.5917183810679871	0.178557790866406	0.1557272597973966
79	0.7499524413408349	0.0335306053397896	0.1165524336112112	0.0999645197081639
80	0.0237156151932455	0.2799489307472823	0.2134583354845222	0.4828771185749499
81	0.0079741527910543	0.5842672179110533	0.1196124604394719	0.2881461688584205
82	0.0310593717971081	0.2971759666085483	0.1980646676894598	0.4736999939048843
83	0.6812183867244072	0.1119543234814396	0.1385832914305876	0.0682439983635655
84	0.0508539653870769	0.3920932712161989	0.2371750631599531	0.3198777002367711
85	0.7096099991988025	0.0128785438738669	0.1759168141677122	0.1015946427596182
86	0.8286871600633513	0.007045479830019	0.1318388348965336	0.032428525210096
87	0.9731965678561632	0.0026249824595739	0.0193334826052925	0.0048449670789706
88	0.46231166883602703	0.0343456094334471	0.2236991703833423	0.2796435513471834
89	0.1492809872128445	0.0383809709265818	0.47096416981812	0.3413738720424536
90	0.4683025751551014	0.0658235207611629	0.3028406368958051	0.1630332671879304
