label_id	archetype 1_archetype_CFOR_probabilities	archetype 2_archetype_CFOR_probabilities	archetype 3_archetype_CFOR_probabilities	archetype 4_archetype_CFOR_probabilities
1	0.5585744282585814	0.2635319057349306	0.1622836744794999	0.0156099915269881
2	0.6032554290479185	0.2145723875122089	0.1322027345526944	0.0499694488871778
3	0.0794200872309778	0.6162711662411446	0.1646477490529463	0.139660997474931
4	0.3506039597092349	0.5018433793759235	0.1282332966525936	0.0193193642622477
5	0.0658633526043368	0.3863446639819662	0.2174418833298579	0.3303501000838391
6	0.0314254514682825	0.4498176851270919	0.230889936688659	0.287866926715966
7	0.3355294093723098	0.5544407329490326	0.0952210506918715	0.014808806986786
8	0.4226803795319229	0.3814000941354129	0.1200244613242372	0.0758950650084271
9	0.0518601850944475	0.4568565692116407	0.1640716378496104	0.3272116078443013
10	0.4948167730558144	0.2326324905221402	0.2443596744557883	0.0281910619662569
11	0.8850879309407094	0.0376790492845831	0.0615708765469818	0.0156621432277253
12	0.0263896910479232	0.7938752882993025	0.1458280577097002	0.0339069629430738
13	0.0574203183873783	0.4280478342721037	0.2143117954113073	0.3002200519292105
14	0.9194782845471944	0.0108505891594712	0.0583183005811744	0.0113528257121598
15	0.0173011623528705	0.7260360440245575	0.1946507900496517	0.0620120035729204
16	0.1184723326703392	0.3822683397530744	0.1727827732535497	0.3264765543230368
17	0.4916545823948822	0.3832352339914364	0.0711413749654927	0.0539688086481885
18	0.2949685770431941	0.2217191331970334	0.1698152193733466	0.3134970703864257
19	0.0245034387538843	0.7383421771167359	0.1100841307143984	0.1270702534149808
20	0.0120560961535884	0.3810719745857962	0.3387074523404906	0.2681644769201248
21	0.0067917408645164	0.097097747991913	0.1044846929783556	0.7916258181652149
22	0.2436051185630357	0.3840424027007164	0.1990040637439097	0.1733484149923385
23	0.0913419717388547	0.5567746353305586	0.2903065318224294	0.0615768611081575
24	0.2579178818397983	0.4462648057286479	0.1745379364165429	0.1212793760150107
25	0.4376295575286902	0.2832232203370158	0.266849626075168	0.0122975960591259
26	0.3601536919874606	0.4454364996068917	0.1556943276730356	0.0387154807326119
27	0.3304196814193347	0.2222527080444868	0.4170516734777079	0.0302759370584707
28	0.3867454233941966	0.1612151552584611	0.2291473895916888	0.2228920317556532
29	0.0687318010329536	0.5975104414611511	0.2093678945413082	0.1243898629645875
30	0.0474885516965142	0.7891622413113927	0.1213276927949984	0.0420215141970948
31	0.1092229897688551	0.1604601270344439	0.4769813809147471	0.253335502281954
32	0.6558814610512972	0.1521890701007845	0.1454960233606323	0.0464334454872859
33	0.0079211562710704	0.1966699932708043	0.2253523237466505	0.5700565267114747
34	0.0693112664316548	0.5552435377070478	0.2415061498359822	0.1339390460253153
35	0.4978791261593879	0.1901704741504097	0.1053870676060466	0.2065633320841555
36	0.9203818556912494	0.0159832656224427	0.0559303680954379	0.0077045105908698
37	0.0110331912264903	0.7850680679909511	0.1598689949619487	0.0440297458206098
38	0.6224146249393858	0.2107379436534321	0.1234571153900364	0.0433903160171457
39	0.1698476770027782	0.5784375304267395	0.2337545623675517	0.0179602302029304
40	0.6432806996426481	0.2070406651639834	0.1347600987166901	0.0149185364766781
41	0.0717761656188981	0.7074152615574612	0.1780791546832816	0.0427294181403591
42	0.0155132783883628	0.8368340537816926	0.1280582087849739	0.0195944590449704
43	0.6236252356506611	0.1500673135868649	0.1860966337279862	0.0402108170344876
44	0.5718535346645451	0.2795925098624093	0.1352625116348713	0.0132914438381741
45	0.2270309106365753	0.5809797909799486	0.1821158404400689	0.0098734579434069
46	0.3346443918159458	0.5083634330488129	0.1409348095443106	0.0160573655909304
47	0.0602112543872669	0.3886914067482983	0.2775458181507769	0.273551520713658
48	0.0164006372287096	0.6963392591635249	0.2101310608494453	0.0771290427583202
49	0.0143858273302386	0.3113517847797862	0.2956564080791797	0.3786059798107951
50	0.0400187584048072	0.6937105627632282	0.2341049644977714	0.032165714334193
51	0.6869657655161321	0.1794860252608866	0.1173789143231328	0.0161692948998482
52	0.0240583862458288	0.8237480877672922	0.1336063205765187	0.0185872054103601
53	0.0342714428287353	0.6960896943224263	0.2437578594737201	0.025881003375118
54	0.310327924134504	0.4141300187335593	0.1675152305274654	0.1080268266044714
55	0.6812699433697602	0.1858507690839586	0.0949188684324918	0.0379604191137893
56	0.0555100314702303	0.608711499398548	0.2235299115744244	0.1122485575567971
57	0.1062316745617869	0.653677640345224	0.2191404494053978	0.020950235687591
58	0.104370251584143	0.6418681895372491	0.1784035918588526	0.0753579670197552
59	0.0845863618218664	0.6538136047992856	0.1150490080183576	0.1465510253604902
60	0.6632542031133482	0.0286434485245292	0.2314597241482797	0.0766426242138426
61	0.0164033389459619	0.6626371328652751	0.2710552483469891	0.0499042798417738
62	0.9280406788885156	0.0305493158909936	0.0334058264624027	0.0080041787580882
63	0.2665318571113556	0.4031175631411718	0.1467209424333969	0.1836296373140751
64	0.0412731021064492	0.7288369779121855	0.1321353160773587	0.0977546039040064
65	0.0047982916035611	0.6624759055852054	0.1301143989809187	0.2026114038303148
66	0.0857335614012139	0.5948941347976213	0.1334191915131652	0.1859531122879995
67	0.3042058021806962	0.4304892071432463	0.2346696767299206	0.030635313946137
68	0.7152331571669468	0.1842199905596372	0.0850659279872546	0.0154809242861613
69	0.7096961174302875	0.133885413371938	0.1436780036712648	0.01274046552651
70	0.72245402482938	0.1220116419069735	0.1204446706118323	0.0350896626518139
71	0.7691776215144993	0.1097162216029046	0.1097510351491795	0.0113551217334165
72	0.3639211509619501	0.3387797140593019	0.1795529219616043	0.1177462130171431
73	0.0760479689571881	0.0356532204803495	0.1393220386547828	0.7489767719076795
74	0.02793221186949	0.7538543029104401	0.1387351732267789	0.0794783119932908
75	0.1567947756956754	0.5515517032259929	0.2648119228814781	0.0268415981968537
76	0.1090279979905061	0.5629986538512944	0.2128873892093288	0.1150859589488703
77	0.384918636129438	0.129312485475589	0.1975440866102688	0.2882247917847044
78	0.0371631575171254	0.7103409154732356	0.2033800611304642	0.0491158658791746
79	0.0271781101131122	0.6748068088485902	0.2031140230243132	0.0949010580139844
80	0.0434062704909447	0.1238551531620908	0.2673316439207314	0.5654069324262326
81	0.1276917824830966	0.2861894270375172	0.1869971503943032	0.3991216400850831
82	0.1136150602855367	0.4804349301752955	0.2365948993791608	0.1693551101600068
83	0.016974743358344	0.2099664189388071	0.3098491241924698	0.4632097135103789
