label_id	archetype 1	archetype 2	archetype 3	archetype 4
1	0.8682963839136073	0.0472737100083489	0.0806510789846643	0.0037788270933795
2	0.9127351595701614	0.0569848237713011	0.0265814537241738	0.0036985629343636
3	0.9098786210040096	0.0095702947135438	0.0774154766105871	0.0031356076718592
4	0.5114383026080724	0.2099285370769669	0.2549753737543536	0.0236577865606068
5	0.0879971685554604	0.8385170403999093	0.0494171901383031	0.0240686009063271
6	0.0829398819043918	0.3681926313748278	0.0639947797905598	0.4848727069302208
7	0.9160181515307684	0.0220549042012661	0.054083154460625	0.0078437898073404
8	0.7660429446632543	0.1573191521217008	0.0750393393716069	0.0015985638434377
9	0.5587679441193815	0.075986430980218	0.3503517280327232	0.0148938968676774
10	0.6769899326677704	0.0498736587394529	0.2624520198260597	0.0106843887667167
11	0.9515791260851808	0.0083815754717807	0.0362504285902285	0.0037888698528099
12	0.6742006698000824	0.1660024769429999	0.1556132221068826	0.0041836311500348
13	0.0503173459409981	0.4363146156241166	0.4919983018854119	0.0213697365494733
14	0.9467326999960212	0.0048628407109553	0.0252337525483645	0.0231707067446588
15	0.031323039701115	0.6754214586085864	0.2780267865031895	0.0152287151871089
16	0.0540180699556455	0.2140435181545261	0.5970152975906292	0.134923114299199
17	0.580466995540511	0.2633466399166816	0.1476742165135746	0.0085121480292328
18	0.5950641415161222	0.1759616315765848	0.1761155206550682	0.0528587062522245
19	0.0242569855875515	0.9552908272305158	0.0151341778693657	0.0053180093125669
20	0.0181854043290072	0.7767610954696742	0.1946099802718855	0.010443519929433
21	0.0086205401140816	0.1417432333011662	0.383692764481253	0.4659434621034996
22	0.0983524370959066	0.2667965438898123	0.6242669048037915	0.0105841142104896
23	0.2717210042807493	0.3519373085011687	0.094259809860052	0.2820818773580297
24	0.8363020011562328	0.0905947089457323	0.070018964426265	0.0030843254717699
25	0.1312954313486082	0.5075681925121152	0.3535392057658041	0.0075971703734723
26	0.1743433584208258	0.7650803663288775	0.0560209247085894	0.0045553505417069
27	0.5213920152918929	0.032781977855848	0.3489026090242526	0.0969233978280061
28	0.8914496026035771	0.0386909732405894	0.0617645839551379	0.0080948402006956
29	0.0625877795427904	0.8346756842267677	0.0567923357290162	0.0459442005014256
30	0.0248921514535784	0.8831020347996361	0.0740857456289031	0.0179200681178823
31	0.0086193409821937	0.4472822702173409	0.5112184660594444	0.0328799227410207
32	0.0324843212696947	0.2060879101557587	0.7572245799011805	0.0042031886733655
33	0.0074822480088559	0.4939700291947141	0.4807967942195373	0.0177509285768924
34	0.1745207817258879	0.0960395633930459	0.2850249379431636	0.4444147169379027
35	0.0545467607768148	0.0702361677241675	0.8497211681993471	0.0254959032996706
36	0.96075826482015	0.0156724011018644	0.0208660558071594	0.0027032782708262
37	0.007748278229612	0.8742162362359857	0.1091337005041637	0.0089017850302384
38	0.9600104669963224	0.0108076460163018	0.02650736905206	0.0026745179353158
39	0.0381322662035892	0.7992060370201958	0.1441193930857909	0.0185423036904237
40	0.902747716988711	0.0140711263202765	0.0816204666085042	0.0015606900825083
41	0.3172427503096395	0.5603966355635123	0.1093188817175104	0.0130417324093378
42	0.0123245036456095	0.6226605120842199	0.3583876881548807	0.00662729611529
43	0.1295825282191026	0.6498066563940946	0.1959754778128032	0.0246353375739993
44	0.1103259210265983	0.6014152824761583	0.2827845941840842	0.0054742023131592
45	0.1259962523704084	0.2677219372832771	0.5990606079854982	0.0072212023608162
46	0.1798258853921709	0.7707570902387881	0.0453409388411829	0.0040760855278579
47	0.0323745060958826	0.3943652358964585	0.2356717632477143	0.3375884947599445
48	0.0119563082451542	0.8230205615773722	0.1216325380855128	0.0433905920919605
49	0.0156421375109516	0.6315090708006613	0.3264302358046803	0.0264185558837063
50	0.0063601326512643	0.8873006375897573	0.1044433166723301	0.0018959130866482
51	0.8841609752366637	0.0256973263878383	0.086641360865831	0.0035003375096664
52	0.0089876233530347	0.9356329278956546	0.0539449707250536	0.001434478026257
53	0.0097410753378794	0.8854626771174373	0.1021610793623367	0.0026351681823464
54	0.0244920417554102	0.1409527298733779	0.6289058070517977	0.2056494213194142
55	0.779663824097897	0.0711313636871597	0.1046716756112595	0.0445331366036836
56	0.0033627983461587	0.79622629258314	0.1726923976566229	0.0277185114140785
57	0.055972283422949	0.851428069207048	0.0810274607570102	0.0115721866129928
58	0.9073370111393207	0.0369399869099736	0.0388684003059533	0.0168546016447524
59	0.0079108363701766	0.848332765653538	0.1307146233575519	0.0130417746187331
60	0.4529469305116939	0.0151119052799202	0.4314026426709576	0.1005385215374281
61	0.0067413696732684	0.8996659070490489	0.0794655572730265	0.0141271660046561
62	0.2565219198804107	0.3970675074440056	0.339307194700018	0.0071033779755656
63	0.7707875377725107	0.0256631612495946	0.1368005816902051	0.0667487192876892
64	0.0370942881523973	0.7913789062367327	0.1277461821465461	0.0437806234643239
65	0.0061623442774214	0.8799288444814731	0.0712555261495188	0.0426532850915866
66	0.0239161229252728	0.6551961993812604	0.1333332510678098	0.187554426625657
67	0.0082249889062345	0.7516611853699745	0.2369179027723881	0.0031959229514027
68	0.012829808040036	0.8511095279683691	0.1291679121916439	0.0068927517999508
69	0.2654832255066656	0.6402855985196921	0.0879805677077339	0.0062506082659083
70	0.8895433360632798	0.0572089372448036	0.0425488280986776	0.0106988985932389
71	0.0473057365706112	0.8762222670516041	0.073548545506906	0.0029234508708785
72	0.2204260569106017	0.5388629824667126	0.2085415343232	0.0321694262994853
73	0.0583660952217943	0.1091314568455684	0.3325869514542572	0.4999154964783801
74	0.0064004734404005	0.8562921501251406	0.0348159646285681	0.1024914118058914
75	0.0038984566263349	0.8564369832142246	0.1198127984644292	0.0198517616950114
76	0.0053598300076519	0.8761556792066365	0.1065871125148154	0.0118973782708963
77	0.8046125781184921	0.0324161285600368	0.0820306509128269	0.0809406424086439
78	0.0019943151831139	0.8253015869368155	0.1651512112390417	0.0075528866410285
79	0.0048908543840989	0.7556727754508032	0.1185259606598171	0.1209104095052805
80	0.0559660143951934	0.0218671119731426	0.0923015819756777	0.8298652916559862
81	0.018653933404872	0.3058420781715176	0.1482071561554868	0.5272968322681234
82	0.003786993207548	0.8689488145578081	0.0849550306864876	0.0423091615481559
83	0.0025594219429416	0.0886163667364175	0.1248559647457095	0.7839682465749317
