label_id	archetype 1	archetype 2	archetype 3	archetype 4
1	0.9674000691086391	0.0055604392427069	0.0232876234121592	0.0037518682364947
2	0.8376136889568392	0.0426462787905857	0.0884047976788042	0.0313352345737709
3	0.086041514369462	0.0643655641228607	0.8328430977096312	0.0167498237980459
4	0.8276243311653533	0.0406642958345122	0.127603170954057	0.0041082020460773
5	0.9867708678942364	0.0022320098392808	0.0087571998673829	0.0022399223990999
6	0.9401581406421238	0.0250273987889273	0.0342769315481071	0.000537529020842
7	0.6414772569644408	0.0800672501664566	0.2718347101097033	0.0066207827593991
8	0.5956069409386789	0.0610626098327138	0.3348221430761123	0.0085083061524944
9	0.6727137530927134	0.0088194500740033	0.3155368360845886	0.0029299607486946
10	0.821229113590485	0.0840846589449904	0.0892088036487598	0.0054774238157646
11	0.4130402615052194	0.0814059470720881	0.0393752258052472	0.4661785656174452
12	0.0738590007732918	0.2597395613554009	0.6078072651372636	0.0585941727340435
13	0.7545931011942809	0.0317535311131523	0.1776471791787824	0.0360061885137848
14	0.2028991005448268	0.1319931234457077	0.6449246365506003	0.0201831394588651
15	0.9219367527369334	0.032804514692727	0.0370748148022774	0.0081839177680624
16	0.6965704511919958	0.1979186376000899	0.0899350693268849	0.0155758418810291
17	0.5795505658887756	0.1155543427302745	0.2863694850911253	0.0185256062898243
18	0.1557652651837079	0.4349389270593564	0.4022017454076165	0.0070940623493188
19	0.09895461678379801	0.3257962977095235	0.5692496171339229	0.0059994683727555
20	0.0618185974466166	0.857967408249626	0.0745721096480929	0.0056418846556643
21	0.9657349963613072	0.0134617489204314	0.0201999019027494	0.0006033528155118
22	0.9892211716203759	0.0015608131443722	0.0082345289870743	0.0009834862481773
23	0.0078787730064165	0.8124758176720749	0.063979966329132	0.1156654429923766
24	0.8263243495652779	0.0971278228527708	0.034401166126004995	0.0421466614559463
25	0.9304127662248118	0.0123430779756527	0.0490756307921994	0.0081685250073359
26	0.607543572529882	0.0544241236614243	0.2860704842783174	0.0519618195303761
27	0.9674375892816546	0.0073465505230241	0.02335382432423	0.0018620358710912
28	0.0173575941922775	0.7315099415820001	0.1487353392692384	0.1023971249564838
29	0.106721600828321	0.8076978258053793	0.0803364588385555	0.0052441145277442
30	0.5804573854238221	0.0881351024319541	0.3221290810416467	0.009278431102577
31	0.7931199454235622	0.169351526851466	0.0312007657988148	0.0063277619261569
32	0.0114781098607153	0.6058046497199298	0.3541194114202922	0.0285978289990628
33	0.0193960610387567	0.7330119374510871	0.2332855457732153	0.0143064557369411
34	0.0986149637934018	0.8359451506553118	0.0574943951714117	0.0079454903798743
35	0.3201422650586286	0.39895446193783296	0.2401837180458156	0.0407195549577228
36	0.7821394700757559	0.0567619434537926	0.0859398698586408	0.0751587166118109
37	0.2645905680521726	0.3538824350230213	0.3013866090848993	0.0801403878399066
38	0.0518479556082657	0.5665304433241938	0.3682438439670585	0.0133777571004819
39	0.1282768987670076	0.5989690734130935	0.22376005774733498	0.0489939700725634
40	0.210118850838688	0.4890212609335788	0.2656991761130863	0.035160712114647004
41	0.0115740090989383	0.9282877033845875	0.0222456430330092	0.0378926444834647
42	0.0317496485762552	0.8952890604649515	0.0707205107918614	0.0022407801669315
43	0.8860531602831758	0.0330733733918491	0.0531225305037499	0.0277509358212249
44	0.0049406355507637	0.0579748778959671	0.07868491730928301	0.8583995692439859
45	0.1098729046656631	0.8128411945562833	0.0671610356621497	0.0101248651159041
46	0.2720217966522534	0.4225661610443008	0.1762983474826451	0.1291136948208004
47	0.9483175045798375	0.0222885577595247	0.0274371330199917	0.001956804640646
48	0.0522311695275509	0.6773552985963602	0.2662619948936103	0.0041515369824786
49	0.1829392554967403	0.2787772029309904	0.456283212411406	0.082000329160863
50	0.1782466767416997	0.1614451849169539	0.1421208876590805	0.5181872506822655
51	0.05556365260521701	0.8794896788942645	0.0504691389759693	0.0144775295245489
52	0.0046533437959154	0.8442577004333401	0.1479019914474214	0.0031869643233231
53	0.361916458535339	0.0527536691350193	0.5172193965223607	0.0681104758072814
54	0.0040940172122351	0.8914428821088721	0.1030192136754496	0.0014438870034431
55	0.0072727688043864	0.9431821767798246	0.0483014751971877	0.001243579218601
56	0.1329696560771389	0.1203185588074472	0.2120245767697455	0.5346872083456681
57	0.5580811041991667	0.1943504994050671	0.2356558645791374	0.0119125318166288
58	0.1478361664505054	0.3221004922606013	0.5238663015788231	0.0061970397100704
59	0.8863543651850809	0.0672902588088455	0.0422124855334868	0.0041428904725868
60	0.5837210378145898	0.2315832525074644	0.1676316695433962	0.0170640401345496
61	0.3347454156976251	0.1804571168003504	0.4733185859743944	0.0114788815276299
62	0.0570684591678486	0.5593241992702351	0.3505810954614017	0.0330262461005145
63	0.3203327641772978	0.5637945340004651	0.10823930218889098	0.007633399633346
64	0.0057231940619561	0.7874214961789808	0.202908693002405	0.0039466167566579
65	0.0020708584536787	0.8984438999381812	0.0969234493524262	0.0025617922557138
66	0.009481008576929002	0.6831447269560157	0.3042529450423791	0.0031213194246764
67	0.4972228230430603	0.0415983508930258	0.3208004158932021	0.1403784101707115
68	0.3938517027852516	0.4881545418933198	0.0603192310804334	0.057674524240995
69	0.0948227476478842	0.2501269894977433	0.6223175187098536	0.032732744144519
70	0.0412434067659952	0.1664109168669355	0.7570347141793243	0.0353109621877448
71	0.022029062908939	0.8953887013253613	0.0647965714929736	0.0177856642727257
72	0.0066518808564473	0.8456397030495938	0.1466658326307685	0.0010425834631903
73	0.0510801961242355	0.2561346949890474	0.6162260528776499	0.0765590560090671
74	0.2524725280747493	0.5031010429878129	0.2354721532869393	0.0089542756504982
75	0.7539870182668824	0.0632249672485164	0.1752046775530581	0.0075833369315427
76	0.4383074080656593	0.2344113977072052	0.0832793731764354	0.2440018210507001
77	0.0030823745871111	0.9084341399572584	0.0852411867015406	0.0032422987540897
78	0.0056156153903022	0.5827981261458792	0.40255013639069803	0.0090361220731203
79	0.7229984530465099	0.0399220438488857	0.2046895613896213	0.0323899417149829
80	0.2757826012275404	0.3700816076304492	0.2843905757180868	0.0697452154239236
81	0.1770527030944712	0.1781114673712514	0.1487023862595422	0.4961334432747352
82	0.0024557934892811	0.8820242681289088	0.0784148374322253	0.0371051009495849
83	0.0293934751444844	0.7378100213447926	0.22280507079903403	0.0099914327116887
84	0.0048239827806664	0.9195220696125034	0.0583586519976828	0.0172952956091472
85	0.3283928642900187	0.3588048754211324	0.3035261421361101	0.0092761181527386
86	0.0127321187073548	0.35593103073917204	0.6218425163604137	0.0094943341930597
87	0.4864931020110425	0.1270207869530237	0.3225440929608877	0.0639420180750461
88	0.0084699556931541	0.8475578398640161	0.133646642196432	0.0103255622463978
89	0.0329886139324588	0.4516455055452705	0.501370530925157	0.0139953495971133
90	0.0270398905528388	0.2720596861612643	0.1953259774721349	0.5055744458137618
91	0.0024345705104521	0.9038264586396816	0.07044062080159101	0.023298350048275004
92	0.0038768551564742	0.8547866559063235	0.08941454787066802	0.0519219410665343
93	0.0163431744384808	0.0373090605048231	0.0460163692429649	0.9003313958137309
94	0.0796990656663457	0.3947287444989883	0.3292781190674259	0.19629407076724
95	0.0045851022946617	0.1288225096913605	0.0240724412125438	0.842519946801434
96	0.0400856859084343	0.4811064185968619	0.4719443205008102	0.0068635749938933
97	0.0087021349110853	0.4709683640787103	0.4163541080322656	0.1039753929779389
98	0.0406627936096513	0.4513411392637727	0.2163257899083068	0.2916702772182688
99	0.0036168097222945	0.74551848693599	0.2495391043676983	0.0013255989740168
100	0.0055929401959689	0.8432697182161372	0.1369017804508448	0.0142355611370491
101	0.4326598780894776	0.1115707958945558	0.3733188204116167	0.0824505056043496
102	0.0324817574255196	0.34502570994278603	0.6157967722200989	0.0066957604115952
103	0.0033043399358056	0.29054578347423604	0.0299031928574942	0.6762466837324635
104	0.020494220663432	0.2162166036872071	0.3177366962892499	0.44555247936011105
105	0.0510543787031418	0.2528691185441628	0.6549223639404199	0.0411541388122757
