label_id	archetype 1_archetype_CFOR_probabilities	archetype 2_archetype_CFOR_probabilities	archetype 3_archetype_CFOR_probabilities	archetype 4_archetype_CFOR_probabilities
1	0.6967716626270836	0.1158731199129639	0.1833450238395821	0.0040101936203705
2	0.2813235700010318	0.2945294629222716	0.3912745687059898	0.0328723983707066
3	0.7685685408026047	0.0432965395931307	0.1825966506089076	0.0055382689953567
4	0.7054302490664932	0.1020681897557071	0.1398003805953284	0.0527011805824713
5	0.0918860498153077	0.3106764936074762	0.3653442538116074	0.2320932027656091
6	0.7404270698819996	0.1364085485570494	0.1177174688924514	0.0054469126684995
7	0.8817533290606241	0.0426125951015614	0.0662355852656707	0.0093984905721433
8	0.5765889018804634	0.1163407662437035	0.2559986721071881	0.0510716597686451
9	0.2215204355241868	0.4280226332780418	0.2604775181739165	0.0899794130238549
10	0.1396269322291438	0.5150685365290322	0.3106009851741036	0.0347035460677205
11	0.3246114396985233	0.3388365678319048	0.2959838788411101	0.0405681136284617
12	0.4170628477501196	0.4027845841562371	0.1235799879944086	0.0565725800992346
13	0.1183730559780089	0.7108227189194822	0.1499335925009984	0.0208706326015108
14	0.6460376663553489	0.1480027252567631	0.1996488091305842	0.006310799257304
15	0.1388876513958469	0.5307584157879806	0.2746835139027853	0.0556704189133869
16	0.577382808724807	0.1188137087607542	0.2911704438675946	0.0126330386468441
17	0.7075415084486454	0.1499583865248106	0.1212255741771244	0.0212745308494195
18	0.6286601290964288	0.1919912612736354	0.1023825563401339	0.0769660532898018
19	0.2401216743037353	0.5010391048622803	0.2372184988216373	0.0216207220123468
20	0.8824300601422294	0.0241313415251771	0.0768488834729939	0.0165897148595996
21	0.9443175085095592	0.0190775617499246	0.0309688285463778	0.0056361011941383
22	0.1701534350175375	0.5888680161494849	0.1708667175365466	0.070111831296431
23	0.0766552835284838	0.3881445190317496	0.2576843855439263	0.2775158118958397
24	0.5818976148298812	0.2286344636395874	0.1611566630562553	0.0283112584742755
25	0.4421422743546159	0.2449083891385404	0.2570454129561057	0.055903923550738
26	0.6957154199044372	0.163554615284856	0.1202121751932648	0.0205177896174423
27	0.730006466954495	0.1292636020430922	0.1075441737465577	0.0331857572558549
28	0.3705451664967671	0.2897959364805413	0.2429372299910545	0.0967216670316373
29	0.010469756390931	0.7151226691749426	0.2463172185890275	0.0280903558450988
30	0.1522538395464392	0.3771612360676239	0.180291974429766	0.2902929499561704
31	0.2965734378040603	0.3269138364084712	0.3317444315286586	0.0447682942588096
32	0.1839683267515269	0.6368074076969799	0.1667140765573671	0.0125101889941265
33	0.8132976944513562	0.0641864853063551	0.1093788723980104	0.0131369478442781
34	0.4341408561365129	0.3041101179433708	0.1680896219389364	0.0936594039811796
35	0.1732675550648286	0.3288924335586564	0.2323947653053182	0.2654452460711969
36	0.8848725969267162	0.0430228534234011	0.0700783309764375	0.0020262186734452
37	0.8497716486095812	0.0739531152729977	0.070750033935649	0.0055252021817719
38	0.7361443299356558	0.1572782465790316	0.0928738329505061	0.0137035905348064
39	0.2935290095515217	0.3779603598174955	0.1494059956770087	0.1791046349539739
40	0.7327196913946953	0.0706634702192219	0.1285609393051	0.0680558990809827
41	0.904904197413404	0.0085199269021879	0.069030237386644	0.0175456382977639
42	0.2989738451633206	0.4846083839931417	0.1169476191430917	0.0994701517004461
43	0.96145374336566	0.0054764318008892	0.0295176766756286	0.0035521481578218
44	0.3802899526814141	0.4120636521805903	0.1727002673284714	0.034946127809524
45	0.882231327982648	0.0328125792964454	0.068019967806054	0.0169361249148524
46	0.7882858675898817	0.0720695525987924	0.1272993986648162	0.0123451811465094
47	0.8144996484515488	0.0808335133736253	0.0898737362056091	0.0147931019692168
48	0.0167140397486756	0.8170325773491853	0.1015087045727248	0.064744678329414
49	0.9762806258162284	0.0050909050443146	0.0179157972070499	0.0007126719324069
50	0.7041943764949158	0.0580832928859253	0.1400946397315553	0.0976276908876036
51	0.0266479234466511	0.144077775204832	0.4454864321515523	0.3837878691969647
52	0.0578631458573372	0.6901239739748584	0.1686055217207909	0.0834073584470131
53	0.9740965286179716	0.0038427187613286	0.021651847900576	0.0004089047201239
54	0.148065636007998	0.5187373596221605	0.2312298402571574	0.1019671641126841
55	0.6366876387087329	0.1386067444665455	0.1356976959736505	0.0890079208510711
56	0.0845871929041823	0.5428596902785653	0.2559589526652957	0.1165941641519563
57	0.1519053039725484	0.2266188871778844	0.3143892665625897	0.3070865422869773
58	0.5850579402478707	0.2139609026816501	0.1340407191814865	0.0669404378889925
59	0.1132802450948438	0.5400061970734089	0.2827442752649545	0.0639692825667927
60	0.0156010715490765	0.8303857540709207	0.1026716392212719	0.0513415351587307
61	0.0361885916465337	0.7021508258351463	0.172691438763087	0.0889691437552327
62	0.7486325386179097	0.1354793192923277	0.0917653475660229	0.0241227945237394
63	0.0497610649487407	0.6933353322942062	0.1911289085553947	0.0657746942016582
64	0.2477334738215481	0.2823458544675784	0.1989869137914443	0.2709337579194294
65	0.120880718012353	0.5160157751194636	0.2339593782598866	0.1291441286082966
66	0.3576323069874099	0.3792097866432283	0.1351138941170412	0.1280440122523205
67	0.7218611658320434	0.0189128974798285	0.1961781215723106	0.0630478151158176
68	0.0505991461470721	0.3792120386835815	0.5072571788476838	0.0629316363216622
69	0.0534385764792384	0.4601122210047391	0.1546902312690201	0.3317589712470026
70	0.6163076700838851	0.154338829369618	0.176698917575554	0.0526545829709433
71	0.0213139745297286	0.8497224353798438	0.1182775612544841	0.0106860288359434
72	0.1083016529160682	0.5361847497390109	0.1901220475326759	0.1653915498122449
73	0.2288161263059411	0.347055232358083	0.1880704621854259	0.2360581791505498
74	0.7055132805917099	0.0645433709957913	0.1406343584070881	0.0893089900054103
75	0.1087674758467601	0.710878667661712	0.1515326662505434	0.0288211902409839
76	0.0165952465826467	0.3888048237111776	0.2571321425582878	0.3374677871478877
77	0.8572432457725875	0.0416153514664544	0.0799504154270982	0.0211909873338599
78	0.0168274081378325	0.5362597919484465	0.2805590988769235	0.1663537010367975
79	0.0569283730388384	0.3307278918071711	0.1821734567965414	0.4301702783574491
80	0.356919708324609	0.2724653992399393	0.2935928380741826	0.0770220543612689
81	0.0151725714545605	0.2022854977034879	0.2241414805124508	0.5584004503295005
82	0.0682894947396475	0.6111755274066226	0.281505280613461	0.0390296972402689
83	0.7998259344120002	0.0226025382192298	0.1751051587180431	0.0024663686507268
84	0.4662556473337119	0.1978970784627468	0.1697551000854882	0.166092174118053
85	0.1735893560994574	0.4619067111142461	0.3360281115903845	0.028475821195912
86	0.0358747312606287	0.3257632424589479	0.1650917191561093	0.4732703071243138
87	0.0228220062222003	0.7931326235182542	0.1496111882286659	0.0344341820308797
88	0.3108467830614986	0.4524532372540659	0.2143614922230153	0.0223384874614202
89	0.1230633969169513	0.5984582729953538	0.1405651278365586	0.1379132022511364
90	0.1318700473617162	0.6854327482879777	0.1625399637488399	0.020157240601466
91	0.1485175305813399	0.6798498834154201	0.1088175256146661	0.0628150603885736
92	0.2634521845746866	0.5930587262797371	0.1169103452206229	0.0265787439249533
93	0.0433859806453352	0.644413711151509	0.2287583058142241	0.0834420023889315
94	0.1098578840346871	0.6980103945051233	0.1245536826697943	0.0675780387903953
95	0.32178723321506	0.364783692602129	0.2572129953491349	0.0562160788336757
96	0.0986086579395165	0.386415155958139	0.2303360599436802	0.2846401261586642
97	0.0487738313606376	0.4069733705789529	0.5158935840731436	0.0283592139872657
98	0.7653647935886179	0.0595922660654349	0.1682258483354581	0.0068170920104889
99	0.0233793665640066	0.5391797526562359	0.0984706632680652	0.3389702175116922
100	0.4763049307319681	0.3614094543425095	0.1167128722709506	0.0455727426545715
101	0.7286359524879668	0.092624681401277	0.1165622148370315	0.0621771512737245
102	0.1608313242753893	0.2508165477314675	0.2517156720190979	0.3366364559740453
103	0.5216654225167949	0.0883225683689054	0.1798707623557592	0.2101412467585407
104	0.3970997028823	0.2355349336047814	0.2946770686683927	0.0726882948445254
105	0.049979114336852	0.5926358395060753	0.2815278091239142	0.0758572370331587
106	0.7533908986171115	0.0179155703989771	0.1388324702277696	0.0898610607561415
107	0.0456819293537171	0.4175447013668023	0.5237557445508177	0.0130176247286626
108	0.0636314073301881	0.666925930371567	0.1638865572642008	0.1055561050340439
109	0.2366152265864671	0.1802432957718552	0.3343381203702793	0.2488033572713978
110	0.1302498418164549	0.3210770588880875	0.2538352636213822	0.2948378356740753
111	0.032589501603011	0.7839401290428559	0.1066535991324601	0.0768167702216726
112	0.0142714387961592	0.8842132759771913	0.0758660726426066	0.0256492125840431
113	0.0659034216666683	0.1009654789496598	0.2429286541644839	0.5902024452191879
114	0.1353875757740657	0.5481239623943275	0.1806650432119821	0.1358234186196245
115	0.157050070013431	0.4345753179570664	0.2531919155035034	0.1551826965259992
116	0.0058835069621286	0.7685627568004051	0.1691762456307472	0.0563774906067188
117	0.0147456517964465	0.650160215338992	0.1926024538530295	0.1424916790115317
118	0.4222264586652909	0.1807350639793009	0.1517439016521424	0.2452945757032658
119	0.043994170346618	0.5861024945694792	0.1278956299553423	0.2420077051285606
120	0.2972417284076876	0.439751919757205	0.2355372039215979	0.0274691479135096
121	0.9580660033885514	0.0025781641279828	0.0345127485270391	0.0048430839564264
122	0.1487926614946039	0.586195073141573	0.2392134509194791	0.0257988144443435
123	0.0503886319506632	0.57920730560791	0.0824022929852809	0.2880017694561461
124	0.0097702891136097	0.3047009361632217	0.0911333053849127	0.5943954693382557
125	0.260416266923131	0.1228550551522185	0.2432709282250285	0.373457749699622
126	0.2237690899352026	0.5160893908526585	0.1230354863374707	0.1371060328746682
127	0.0232073082519369	0.1494591113069198	0.0783124868270422	0.7490210936141012
128	0.179507809439256	0.2350561629223639	0.3159423097923401	0.2694937178460398
129	0.919761195061547	0.0041718786203812	0.0655031550937178	0.0105637712243538
130	0.0800847541903745	0.3214467675491709	0.2451265686439025	0.3533419096165519
131	0.2986877222617171	0.2324914604711341	0.3065711919414643	0.1622496253256843
132	0.0573361027453704	0.2975785406282032	0.3360826474833335	0.3090027091430927
133	0.1870255658086611	0.4076477140800891	0.3737488038060532	0.0315779163051962
134	0.2456179984654519	0.4661738964584507	0.2509432030226141	0.037264902053483
135	0.1871762536172893	0.2022576320270769	0.324919309739696	0.2856468046159379
136	0.6513751400952633	0.1121283564024973	0.1634570897252383	0.0730394137770008
137	0.4847432513355161	0.24345233296101	0.1626108177594164	0.1091935979440573
138	0.7369051203392231	0.0074385237485213	0.1782678534481619	0.0773885024640936
139	0.1839832385152806	0.1552471810516048	0.3335105698949354	0.3272590105381792
140	0.1136741407284835	0.1099257331442578	0.2587668568218877	0.5176332693053709
141	0.0340250818351708	0.5380855588146309	0.2308097547866515	0.1970796045635464
142	0.0778232874721536	0.1122683483184706	0.3251821887216445	0.4847261754877309
143	0.541959865426538	0.0548064833202334	0.2946040173254739	0.1086296339277544
144	0.0434695627062928	0.2125635793295652	0.4071211002957479	0.3368457576683937
145	0.1608751846080929	0.1520710638003196	0.4333777365844805	0.2536760150071069
146	0.1070393646821429	0.2332382924282889	0.430290456001586	0.2294318868879818
147	0.1911232451726117	0.1032713239053577	0.3780673746669006	0.3275380562551299
