label_id	archetype 1	archetype 2	archetype 3	archetype 4
1	0.9442927095828628	0.0179536668379309	0.0354719941010706	0.0022816294781353
2	0.7391444468063527	0.0525279555344556	0.19896594225437697	0.0093616554048144
3	0.3606022366185858	0.4266987121141703	0.2040684819375056	0.008630569329738002
4	0.4948125448797165	0.1394478054791925	0.3515523370341577	0.014187312606933001
5	0.9810125907233308	0.0055901502126885	0.0113931868403169	0.0020040722236639
6	0.9593440293317006	0.0113711705068259	0.0274493537941931	0.0018354463672802
7	0.522888437328166	0.1109598957499589	0.3504697843459021	0.0156818825759728
8	0.7517785818749602	0.1072597674318746	0.135412737646155	0.0055489130470099
9	0.5814800335198383	0.1619228109020343	0.2445734278470214	0.0120237277311063
10	0.0097416195967772	0.9041009248315574	0.0849697114129706	0.0011877441586948
11	0.4018160759309042	0.3232175365346867	0.2638214345193611	0.0111449530150481
12	0.0345087380244597	0.7563029289288908	0.1273715373024553	0.0818167957441941
13	0.5275688019260759	0.3027308638644717	0.1659139959723852	0.0037863382370666
14	0.0631700694457013	0.2477599712554825	0.6796790560052137	0.0093909032936022
15	0.8959715080384445	0.0362457655607148	0.06464087978354799	0.0031418466172926
16	0.6825749936722693	0.0407385349544409	0.2661668472277456	0.0105196241455441
17	0.7775962367663205	0.033579547563788996	0.1864383574943239	0.0023858581755663
18	0.8806450213146695	0.0658084160499371	0.0517938483295344	0.0017527143058589
19	0.3946917384184288	0.0815046777605091	0.5020947522597206	0.0217088315613413
20	0.5498784095881637	0.1107700366147963	0.3215421586503195	0.0178093951467204
21	0.0037373077974764	0.5696985570016176	0.0462222484137254	0.3803418867871807
22	0.3953294931220015	0.0643933649502418	0.5317686732604605	0.0085084686672965
23	0.3243282640353721	0.4204423555217151	0.132508082298718	0.1227212981441951
24	0.491542360469526	0.3147616944500722	0.1876735527598938	0.006022392320508
25	0.2890292291314366	0.624832598518259	0.0683485287957861	0.0177896435545179
26	0.0607819127669164	0.7582878427708318	0.1679546996964827	0.0129755447657686
27	0.8794948497866478	0.0276160738337319	0.0878474560256156	0.0050416203540046
28	0.8774908109520598	0.0133534269878611	0.1051250491367288	0.0040307129233502
29	0.2403982503105334	0.6085310627436022	0.1239217663044075	0.0271489206414567
30	0.2324219595538944	0.1984538475206754	0.5647392489432708	0.0043849439821594
31	0.0163362599603892	0.7587257423194584	0.16847721064470197	0.0564607870754503
32	0.0383055259670039	0.6758449508932919	0.2816280358265841	0.0042214873131202
33	0.0382758158341045	0.6887090673620293	0.2331748988514703	0.039840217952396006
34	0.8688262885892183	0.0357328129326961	0.09145183836107401	0.0039890601170116
35	0.39103774821034	0.0637212607209427	0.5341473849667222	0.0110936061019948
36	0.9256398195752676	0.0249405645888324	0.0375600439644329	0.011859571871467
37	0.919836889410462	0.0246574499738909	0.0534813361836732	0.0020243244319739
38	0.8870280208609781	0.037397539950354	0.0727454838097179	0.0028289553789501
39	0.0352379781142354	0.575392579071945	0.3854468476480715	0.003922595165748
40	0.9431337445127488	0.0126766535231647	0.0370156923708021	0.0071739095932845
41	0.049635041579334994	0.0480300214624044	0.0311071845204028	0.8712277524378578
42	0.0313961857401094	0.1844509813431145	0.4057784538720482	0.3783743790447277
43	0.1481014190678743	0.1106769125101536	0.7346285526911766	0.0065931157307955
44	0.2045343384945655	0.4480294028765755	0.2869524026811378	0.0604838559477208
45	0.9493367668209264	0.0096731640483881	0.0395500592217195	0.0014400099089662
46	0.018448101797307	0.3344159326917252	0.259310617788708	0.3878253477222598
47	0.0032720357406632	0.7260584525885923	0.2651322885744081	0.0055372230963366
48	0.030922151489936	0.4368635948649258	0.5266906257614516	0.0055236278836866
49	0.0041535687523034	0.9346213317295531	0.0554527612970901	0.0057723382210535
50	0.9775638999078656	0.0061246438754148	0.0144272211452089	0.0018842350715108
51	0.4559411385852052	0.266122757942674	0.2558595270561772	0.0220765764159431
52	0.4819564818235973	0.1409199142255554	0.3589242607836611	0.0181993431671859
53	0.7300463293613209	0.0885474569891774	0.1711993986366183	0.0102068150128834
54	0.0954345700984931	0.7676811583140745	0.1266134799993866	0.0102707915880451
55	0.959232242656765	0.0193220208101896	0.0208338112730089	0.0006119252600363
56	0.4668137526533113	0.2833134659970734	0.106641496646215	0.1432312847034003
57	0.0009433712185041	0.0119522670482959	0.0089940991763694	0.9781102625568304
58	0.96342747401062	0.0073130822736733	0.028255570437211004	0.0010038732784954
59	0.8483216041954983	0.0028364984661192	0.1401428299905012	0.008699067347881
60	0.4978116402095919	0.1268826265072346	0.1411411957602013	0.2341645375229719
61	0.9241896072263902	0.007492764512225001	0.066739283302092	0.0015783449592924
62	0.0154484931344717	0.7189172885875613	0.2597907424016548	0.0058434758763119
63	0.0009711123713605	0.0572459517670867	0.1138361530564052	0.8279467828051478
64	0.873933857366363	0.0243729207897214	0.0983730081318014	0.0033202137121140004
65	0.9517407169178288	0.027181770402122996	0.0196109112039681	0.0014666014760798
66	0.5332668974988733	0.1462448298381158	0.3141062411197548	0.0063820315432558
67	0.6211240223752545	0.2465193066903185	0.1240155772514666	0.0083410936829606
68	0.0021854086795819	0.8230663636337221	0.1740530436008416	0.0006951840858544
69	0.7945261827692371	0.0257380200762833	0.1736400264173246	0.0060957707371551
70	0.8569646633658853	0.1065680243123678	0.0321011177653714	0.0043661945563758
71	0.1663246290550951	0.2130177109303405	0.6037505903531911	0.0169070696613729
72	0.2899768378696937	0.0890224300130421	0.6099654383490342	0.0110352937682298
73	0.0792622677465667	0.284192985656563	0.6284633168419301	0.0080814297549402
74	0.5838884757508871	0.1094584996460152	0.2225156513026824	0.0841373733004155
75	0.986977068811509	0.0031308276884375	0.0089513199006082	0.0009407835994452
76	0.098956883644141	0.6669971323093431	0.2050644421164348	0.0289815419300812
77	0.2687111701710113	0.2145068629393593	0.1879282888682946	0.3288536780213344
78	0.2217380320990108	0.1489976965262872	0.5490367294892671	0.0802275418854344
79	0.1699349874577742	0.1107579857124597	0.7056288539046088	0.0136781729251572
80	0.4340801204415338	0.109593291233321	0.39659477144148403	0.0597318168836613
81	0.0707190098253947	0.3932319635296048	0.5114638271597285	0.024585199485272
82	0.0046542537335597	0.7762148143977622	0.194111539950344	0.025019391918334
83	0.7611301068005576	0.0860508051488717	0.1497107271480624	0.0031083609025084
84	0.0073198300860458	0.8103221190258195	0.1579938388371798	0.0243642120509545
85	0.0612378155105056	0.6827844453554079	0.2454075332033273	0.0105702059307587
86	0.0022321040341445	0.0829306377702075	0.0952028393971834	0.8196344187984644
87	0.0117164253256851	0.2047455111525111	0.0842438564576543	0.6992942070641489
88	0.6953582230634813	0.2039147512455894	0.0948215381245632	0.005905487566366
89	0.7197245756693762	0.1523419626947448	0.1180088404335027	0.0099246212023759
90	0.7769519314463266	0.0249768306446049	0.1881045732752303	0.009966664633838001
91	0.6061452829042281	0.0945863587674753	0.2624492726977865	0.0368190856305097
92	0.7651758310708433	0.0763452466086402	0.1482571469787515	0.010221775341764999
93	0.4653864902161422	0.1935638348972151	0.3262281495435719	0.0148215253430706
94	0.2480530760446986	0.4595538081958538	0.2645833313821714	0.027809784377276
95	0.2159255305818755	0.2064973996374093	0.5637664484641307	0.0138106213165842
96	0.4820785687858869	0.0713610833856184	0.4344880480413413	0.0120722997871534
97	0.1038008881464451	0.1420257673061857	0.7475562244927456	0.0066171200546231
98	0.1479576557046927	0.4481510733142195	0.378623888781834	0.0252673821992535
99	0.29141718847451503	0.1296755016314139	0.4358331962176196	0.1430741136764516
100	0.1010802766619434	0.0937874355715798	0.3855246440341153	0.4196076437323613
101	0.0441067902824691	0.1474940995118956	0.3312367306502974	0.4771623795553379
102	0.6484947460007848	0.096533604484197	0.2358471554724173	0.0191244940426006
103	0.0715887685196033	0.8836258872159819	0.0395011406309966	0.005284203633418001
104	0.2542619628497029	0.5910565754934853	0.1462932309530286	0.0083882307037829
105	0.0181543060664767	0.5996793537784024	0.3576914845613111	0.0244748555938098
106	0.8768101353643202	0.0144792741700907	0.0917182423025135	0.0169923481630755
107	0.0273492980383439	0.6897722061057237	0.2695786264086408	0.0132998694472915
108	0.0266291405448372	0.925206300445472	0.0439764259812352	0.0041881330284551
109	0.6592192842644065	0.0903136111835022	0.2368902221201838	0.0135768824319072
110	0.0167433599536151	0.5805843524778681	0.1718628580512489	0.2308094295172679
111	0.0032042644245624	0.07370148813007901	0.1905842229590445	0.7325100244863142
112	0.1981303796729989	0.3502255328465774	0.4344852970603144	0.0171587904201089
113	0.1351348552516829	0.2105653360951005	0.6464394041392779	0.0078604045139385
114	0.8847009812953353	0.0179407685652955	0.0819920866102852	0.0153661635290839
115	0.2135966359895835	0.4128825739707072	0.3542856979196402	0.0192350921200692
116	0.7789864518946709	0.0798471064686171	0.1311017771856212	0.0100646644510907
117	0.4596467635698838	0.316147322094264	0.2119997252639527	0.0122061890718993
118	0.1298553176380447	0.1833949185215512	0.2975684492651066	0.3891813145752973
119	0.074059941837534	0.1734989495830942	0.65548257341352	0.0969585351658519
120	0.2010659663823495	0.0584040301492818	0.4970127205241405	0.2435172829442283
121	0.0627625666630025	0.7674626820182292	0.1507832418475737	0.0189915094711945
122	0.030175874920407002	0.5927917906277693	0.1014084088536131	0.2756239255982105
123	0.6393998623066629	0.0293366706444246	0.1818105993219536	0.1494528677269585
124	0.2333946404221539	0.2570942855748405	0.4799911738171825	0.0295199001858229
