label_id	PC 1_b4galT1tagRFPt_CFOR_pca_predicted	PC 2_b4galT1tagRFPt_CFOR_pca_predicted	PC 3_b4galT1tagRFPt_CFOR_pca_predicted	PC 4_b4galT1tagRFPt_CFOR_pca_predicted	PC 5_b4galT1tagRFPt_CFOR_pca_predicted	PC 6_b4galT1tagRFPt_CFOR_pca_predicted	PC 7_b4galT1tagRFPt_CFOR_pca_predicted	PC 8_b4galT1tagRFPt_CFOR_pca_predicted	PC 9_b4galT1tagRFPt_CFOR_pca_predicted	PC 10_b4galT1tagRFPt_CFOR_pca_predicted	PC 11_b4galT1tagRFPt_CFOR_pca_predicted	PC 12_b4galT1tagRFPt_CFOR_pca_predicted	PC 13_b4galT1tagRFPt_CFOR_pca_predicted	PC 14_b4galT1tagRFPt_CFOR_pca_predicted	PC 15_b4galT1tagRFPt_CFOR_pca_predicted	PC 16_b4galT1tagRFPt_CFOR_pca_predicted	PC 17_b4galT1tagRFPt_CFOR_pca_predicted	PC 18_b4galT1tagRFPt_CFOR_pca_predicted	PC 19_b4galT1tagRFPt_CFOR_pca_predicted	PC 20_b4galT1tagRFPt_CFOR_pca_predicted
1	0.2925806898504479	1.8003556477491278	0.2273110837506719	0.2719291611316525	0.2518706517697775	0.1793903659804096	0.2275827726410035	-0.1294671326629813	0.2686406454038514	-0.0321897249328745	0.1913228394905693	-0.0713161376817298	0.1936629440667762	-0.0337236747558097	0.0226060697488528	-0.0406343431066516	-0.2328274976030898	0.1080608227820688	0.0093714193984981	0.0763324158923979
2	0.3014940133534396	1.125973160015842	0.0709909586503505	0.2205969443109359	0.1893689836015926	0.2003065729045566	0.2393690678186548	-0.193200305472848	0.2110336890516406	-0.0123115174511962	0.1635948623441896	-0.0735907636829523	0.1660555990059414	-0.0258594510951246	0.0404524995679525	-0.0302336146033276	-0.1940285863864303	0.094822781251994	0.0027601867677498	0.0674126749536881
3	0.1660521048224582	1.6112692761915584	0.5872815014301795	0.0105027155256952	0.2824856463906049	0.5426524026524184	0.3096364377778009	-0.0048018748180225	0.1771897523153607	-0.0096067225878584	0.1359751491437074	-0.1432421753217119	0.2177602485042284	0.1024534564753101	0.0615732765153401	-0.1413001461823076	-0.1239632284659141	0.0321681247313827	0.0254343890377439	0.0649745719530378
4	0.0263018901832098	0.7069194129700103	0.4471795427640371	0.0269507319221122	0.2022746235058213	0.7299544048669988	0.3539502857463382	-0.0422988749237813	-0.0071136282724931	0.0390697643048815	0.1167134506767865	-0.21940903000519	0.147072864142097	0.1445888033242604	0.1219981190464456	-0.1683216500682202	-0.1048470145360472	-0.0096028050293682	0.0544226663361084	0.0665170429439472
5	-0.0744852502297758	2.795072262577284	0.6244750642532058	0.2946807495789979	0.2010604228000968	0.4243818882298003	0.1463273245902385	-0.1749813477967649	0.3289711924008958	-0.0359836519138244	0.2553178275326082	-0.0038188640630474	0.2205129725784154	-0.0489381664412444	0.0224056258853466	-0.0187674646621945	-0.2729974931951133	0.1379392175645467	0.0103436979802791	0.0809002718618393
6	1.390168922851602	-1.6686395648277184	-1.1829593900994948	0.4560023694120597	0.2477767810631384	-0.1507558449986515	0.5652886085442181	-0.4372226809649875	0.1861097504439729	0.0261976921644201	0.160770814084397	-0.2425125945669975	0.1591967108152925	-0.023316554262532	0.1437315039284424	-0.0652919365004486	-0.2400915660329917	0.122821862690599	-0.0252462206894261	0.0763369891503454
7	0.992775997098904	-0.5073270178286308	-0.5486976223815482	0.2240317806718339	0.2735474657788728	0.0064264598952147	0.4617202206406973	-0.2495670093780964	0.1994561366256056	0.0022005820882979	0.1195390636805271	-0.1912053037773445	0.1826465589416383	0.0205055856081173	0.090351417891424	-0.0875145025336538	-0.162391736507404	0.0833243402735667	-0.0159931053475252	0.0672735844413745
8	-0.9739576898331294	1.824791419398635	0.7226519248828742	0.0013589360897327	-0.1426836158622542	0.2328349886530003	-0.3133242562288672	0.0812050206795518	-0.061281630203444	-0.0102174009757442	0.041637744180385	0.1430092403560959	-0.06277632445543	-0.0649013396378684	-0.0620396901421713	0.0853382987726313	-0.0313336240703952	-0.0019992848192656	0.034267164178468	-0.0033054175393087
9	0.4074160808775586	-0.0531722138882969	-0.3587368128444397	0.2297084811225627	0.0989728557977335	-0.1123020682025908	0.1444296311787676	-0.148298386333778	0.092754405542996	-0.0051343436664727	0.0877841437413175	-0.0555600881539719	0.0589732299054897	-0.0516819612207245	0.0253943145562081	0.0096605929619933	-0.1330608355888249	0.0620699641934698	-0.0038209070664641	0.0334296605409227
10	0.5390297297349796	-1.2927273632904366	-0.4429594272146417	-0.0159788659144499	-0.0865576914774649	0.0155513724137915	0.1237141448629436	-0.2209630205842918	0.0508909675518246	0.0692804959990727	-0.0202071628864035	-0.0036003677647887	0.038030247317232	0.0185648667910236	0.056029796603163	-0.005526053438718	0.0140489165437789	0.0132132795422713	-0.0350158828980254	-0.016419179921298
11	1.51603419136583	-2.5174051537724265	-1.1076186122842118	0.1889951136845879	0.2376224162746689	-0.003382864309759	0.6374541686986898	-0.3373477910837478	0.1113855723890041	0.0589779556653811	0.0575674649141764	-0.2925904856886517	0.1609297541715751	0.0968474650655132	0.1720316643320496	-0.1497038614197791	-0.0960612463171939	0.0475152566307956	-0.0294290776643757	0.0488554575975844
12	-0.4136359742085208	2.0797436360742108	0.6729699322941742	-0.2059739477824504	0.2248040345555964	-0.6314937209764904	-0.2448466612749069	0.5243040455482937	0.1915950590074242	-0.2006089999175001	-0.1112885002704019	0.1148764544475045	-0.0233023035048452	-0.0311928537847212	-0.1993942528969762	-0.0024950854719539	0.1578299244651857	0.0028509345885015	-0.0260290172695831	-0.0044432688885876
13	-0.9849523374007054	4.162474946754173	1.3109630481885786	0.1687894064504102	0.3225053929165772	0.5421084123105789	0.0300919282277521	0.2031714556043965	0.0957873826991261	-0.1063069288854884	0.2160061020749001	-0.0777845740190964	0.1279228879729178	-0.0131331541151549	-0.0409647554646112	-0.0557163550278272	-0.2205857571466304	0.0535878443518388	0.0897546563171949	0.1115247129753099
14	1.3683123527286851	-3.055972992156599	-1.2087139646815892	-0.0493355758901449	-0.1896490007306338	-0.4945853860254441	0.1256346613688168	-0.3753870178173252	0.2062680472338443	0.0868551421519431	-0.1069824059066414	0.0926699109673958	0.0404518820159489	-0.020758805926086	0.0437690939037268	0.0449083129632481	0.0979118504432327	0.0472396614327754	-0.1211032825937951	-0.0709560884479761
15	-0.0697217546862315	0.7740168814032466	0.1850105371024489	0.0613165031050262	-0.0673311239779942	0.1365243492903702	-0.0510201113796083	-0.1238752634680435	0.1025511023937059	0.0280105336915465	0.0567749437448315	0.0772557499531767	0.0490829475277199	-0.0415893302720212	-0.0046637671703892	0.0388948876349663	-0.0703699969766103	0.0415616647807156	-0.0066978992976099	0.0046189863136009
16	1.626365270421703	-3.5496658685297624	-1.4937466570621285	0.0533610802704272	-0.1736811969461476	-0.4337129880548312	0.2326478132937286	-0.5208055407806129	0.2098809981294396	0.109204629158213	-0.0499579669439121	0.0492143450212083	0.0736925434461894	-0.0304935934112733	0.0903373204994637	0.0501395791644269	0.026719892779182	0.0695845579085583	-0.1238762772667688	-0.0618357574514469
17	-0.0468639781425059	1.5061344199308344	0.1458648958807592	0.2984772669727281	0.3221246156472906	0.0532513303063401	0.2112188183666439	0.0332218414950849	0.0666244179947232	-0.0836421058162995	0.1639295418934489	-0.161472401800819	0.0863141056444487	-0.0344728538298932	0.0102443016588871	-0.0463745993147109	-0.2050690024158783	0.0655726893546009	0.0486898183758589	0.0936371604289704
18	-1.577573741817304	3.3310541931695115	1.4812302486849418	0.0342651981332629	0.0685028022934478	0.92362878062201	-0.1341774833551655	0.2453266140486677	-0.2191979328384378	-0.0188637600320718	0.1508298367184346	-0.0657505585285048	-0.0108702476514303	0.0503467543629871	0.0067084037147325	-0.0512776433393367	-0.1292298452793523	-0.0479571394984299	0.1315292871090992	0.0680361328395032
19	-0.7799124587734746	2.316542380401448	0.9165901593208508	0.0143747597606815	0.6111185971203837	0.1561106284628843	0.2574623697951314	0.6788842190533755	-0.2306888555676715	-0.1840267543141696	0.0279691120651571	-0.3888627544359795	-0.0120611299816749	0.142253410646776	-0.0309717852048075	-0.235127089766798	-0.0255664028569396	-0.0886583337058553	0.1435204684960675	0.1288468587598167
20	-0.2013970250435918	-0.9920791093568236	-0.0744574348825469	-0.1117052893802965	-0.2857161619023812	0.2746391341282602	-0.1390471820397277	-0.1398895499946111	-0.1704722034237133	0.1076380522869021	-0.0398952411851699	0.0803264173232751	-0.0707081022120776	0.0129358903269023	0.0411999817956381	0.0554079866656215	0.050435319788125	-0.0533792947648823	0.0023602348351475	-0.0521149267415631
21	-0.030988245172917	0.1658496865014301	0.023076254437564	0.0489607122557603	-0.3661994755445987	0.3104143805327368	-0.1699653629140077	-0.4367721379952472	0.1388524883585019	0.1305886430018188	0.0654174632168183	0.2314849528834361	0.0473594671992943	-0.0905738903326223	0.0249850022969619	0.1341721765619947	-0.0790588966645158	0.0681337136955445	-0.0431281361083413	-0.0368029140648651
22	-0.0231999502513655	-0.7891446572644776	-0.4547818774869521	0.0741248720392645	-0.3066908987566551	-0.2547834173134278	-0.2559377686261835	-0.249537938949231	-0.0071019891407339	0.0519101210905276	-0.0142123385501089	0.2027363024144477	-0.0875394918944128	-0.1412235101079415	-0.0336259496425474	0.1783065108468823	-0.0100280390527887	0.0358862067839311	-0.0415055735733617	-0.0506173994605389
23	-0.2856449838926291	-0.0052953046247141	0.172316190882398	-0.0562380602498875	0.1531938069487589	0.0139132906698531	0.0632396826948412	0.275093251006732	-0.1787101269444849	-0.051930342680269	-0.0453272542875001	-0.1465551938550635	-0.064562165055129	0.07647078523562	0.0016566908123546	-0.0889127339022588	0.0600626117415493	-0.0673585025349702	0.0493285251190802	0.0231209091431504
24	-0.4703737814676583	0.2492570805701753	0.1892977359413476	-0.1643102065047761	-0.1310978263404191	-0.337220790264681	-0.3316269099108501	0.2225140865891105	-0.0737749697617241	-0.0411852896277854	-0.1189213769895651	0.1530297827513362	-0.1284490108051599	-0.0500190886679767	-0.1101637971506496	0.0819666601732021	0.1367629957763653	-0.044448345663931	-0.0097585235656346	-0.0495010882362065
25	-0.7414260544126646	2.25257329109629	0.8486409610459886	0.185503268007965	0.030521196529426	0.9126683079557169	0.0896402504053534	-0.1583423344289932	-0.0214852331036494	0.0475162287709988	0.2182308795016075	-0.068262946683773	0.1035495022431596	0.0183628537865372	0.081752921265855	-0.0351551448792826	-0.2246333179659118	0.0384763342412499	0.0773614982079343	0.0764353953013042
26	-1.6220980814020496	3.974504042354973	1.8991619460507467	-0.2932068396290034	-0.0867024303913965	0.7297993552563874	-0.408158005688774	0.3429609647586786	-0.0025960841585213	-0.030758987964466	0.0303871697316099	0.1881679981691077	0.0147599205996939	0.0428311346592692	-0.0993359273110271	0.0012954228220975	0.0455383435988172	-0.0491466880915908	0.0584730161245137	-0.0044760546429367
27	-0.8255142140296576	1.733140471008477	0.6437336213242417	0.1449520222141899	-0.0524290056780766	0.5915927171515983	-0.0716648513451996	-0.0738417040574094	-0.1003628963309666	0.0312131266788736	0.142712538255451	-0.0029024309281242	0.0059973764106203	-0.0268217901320749	0.0296439449652354	0.0258498044937741	-0.1549531808161497	0.0129887658149734	0.0682686708718074	0.0446729483790282
28	-1.3031470189878958	3.0747881095748224	1.319248970670612	-0.1417092635400182	-0.1894692008900211	0.4095008694201744	-0.4390339772946192	0.1302847058950687	0.0720681083242828	-0.0255124194651827	0.0419059547664551	0.2610307815457472	-0.0136984728442289	-0.0529725134846555	-0.1015774565095184	0.0904467566681172	0.0128286211665163	0.0123140450707613	0.0151710225424089	-0.0169852949700462
29	-0.6314652232522106	3.137021901542667	1.1090803473737187	-0.0152269297032986	0.3924522781007251	0.2482843510089941	0.0846490631979061	0.4041103766075775	0.0665630699547955	-0.1274360569289482	0.077595616517093	-0.1321907505544043	0.0956034308524619	0.0630895132472056	-0.0604278767252965	-0.1281838487556929	-0.0664425373117122	-0.0053361325339592	0.0731364277286859	0.0860391067018487
30	-0.4724538032721947	1.094215346311848	0.37836704797417	-0.0304249682638022	-0.2534042553823364	0.0623257787999211	-0.31653294202874	-0.1117827900749705	0.0998542177951471	0.0276859688099373	0.0150582404764584	0.2454027221348119	-0.0172708300908752	-0.0974572920215693	-0.0633605721415233	0.130619986803455	-0.0063267165154718	0.0389597733991356	-0.0268288558209688	-0.0358671492159813
31	-0.4128539035511779	1.4530345919516283	0.5466948336459216	0.0189453519990746	0.032824271764592	0.3974245931981024	0.0198927262195509	-0.03689563646311	0.0292249959656434	0.0076113762547567	0.0832304116812647	-0.0072617759690613	0.0627785413739655	0.0053436736101621	0.0089466862339305	-0.0139530833987228	-0.0810626219932654	0.0187737102759682	0.0317400076311814	0.0389374272990027
32	-0.0564450813820799	-0.2464732852712937	-0.0098690870469181	-0.1608303816786061	-0.093472455772115	-0.3398659136023828	-0.1980884814620973	0.1340410733513374	0.0149315628007152	-0.0255394693140586	-0.1145784577188797	0.1203381162430702	-0.0689379526569052	-0.0221335915792068	-0.0766586215667009	0.0460572147279426	0.1338961520387538	-0.0250988904072133	-0.0326519452099317	-0.0476691263966767
33	0.5088980236112303	-0.1430566006978899	0.0090724415378611	0.065831560728707	-0.2263543879607584	0.6774493552172461	0.1488129432613612	-0.5624107772657988	0.2734208241506429	0.1582127715410579	0.1411078375339594	0.1033982585451456	0.2002719046442027	0.0215265092005189	0.1326884391143071	0.0075392586870811	-0.1277766191917375	0.0941740978701921	-0.056848142779102	-0.0146401705096789
34	1.1848177148487415	-2.2818970585452987	-1.1963942758335562	0.1958621527401994	0.005937996212111	-0.442758193739343	0.2459957573553843	-0.3813518535937643	0.1901615796847872	0.0168633211747881	0.0262483470942548	-0.0213316027005868	0.0624253477520765	-0.0603657200919371	0.0633879633792732	0.0375951328876101	-0.0504080679608036	0.0947577179788306	-0.0847810723019015	-0.0079172325161376
35	-1.0125862732334368	1.2068433066299964	0.6389407429244057	-0.0130709660017226	-0.062126738900853	0.3440811900406407	-0.1950503563780387	0.1836813159900339	-0.2496189810164413	-0.0020606605222582	0.0201551767468181	-0.0047841338847715	-0.1044342964692137	0.0035415083230949	-0.0188607839725052	0.0156641283954901	-0.0151132710230392	-0.0621445250366019	0.0776365010887492	0.0131918672612048
36	0.1458405903839931	-1.4554171045032462	-0.3344027826678439	0.0246117186178402	-0.2288832978799163	0.413263603079113	0.0585263340126378	-0.3034796348003929	-0.1357143165809293	0.1360173149731477	0.0292226543687269	-0.0104393645108281	-0.0107306157971632	0.0306319947841746	0.1130737897449949	0.0174062423197359	-0.0346792696650414	-0.0214664288110119	0.0036153435632764	-0.0259174392355953
37	-1.1063759870201937	4.172915109104329	1.3296848279010232	0.1037038229419199	0.3040049297051042	0.2689798991577716	-0.1076630921917037	0.3333943116493101	0.1116460858818957	-0.1574737056487533	0.1577407048470164	-0.0079478588930265	0.0727212095660534	-0.0359390805269543	-0.0978673494968703	-0.0261435441404936	-0.1402713565068862	0.0476894537278067	0.0693893716075533	0.0867905102354396
38	0.6696205985842429	-0.9843440322658537	-0.6696270749218061	0.1976444637290895	0.2718798239176944	-0.2739313898292099	0.3349544064728763	-0.0334660885906737	-0.0065657417909029	-0.0425670554868531	0.0391087788508827	-0.2175690178650763	0.0385022932807879	0.0060117280252317	0.046040816350216	-0.0667210479333468	-0.0846782815229936	0.0246193609825731	0.0112045810745799	0.0558560425487076
39	-0.6287746743042005	1.668301352204777	0.5109466374957897	0.0774420750819899	0.0709191178851303	0.1322220512298194	-0.0829766317297364	0.1057157830671274	-0.0371089828509295	-0.0463341096724797	0.0640839590255961	-0.0032883118132566	-0.0127226119745817	-0.0409156334124306	-0.0417871252717079	0.018256993532689	-0.0753738055654546	0.0106562619093603	0.0466961996443922	0.0423198210443862
40	-0.3175479900986964	2.2871407631585647	0.347522475843228	0.236687352584369	0.2329604890887085	-0.3108116160548577	-0.0519131073232495	0.1448149999943514	0.1709397512838878	-0.1340711492582155	0.0963032231487284	0.012214959602031	0.0312864647823932	-0.1147640162982443	-0.0997267489874072	0.0348377736990927	-0.1309055451196659	0.086984447311605	0.0176053239055684	0.0672410288394021
41	0.0073468307797804	-0.0025649392844761	0.0022605957620779	0.0798463844342298	0.0117913567961314	0.2934300450519926	0.1165235282492822	-0.1294053458770479	-0.0288992326494282	0.0361500231109447	0.0722854706216749	-0.0640904526704383	0.0410002392419874	0.0185325050452535	0.0607842361742378	-0.0214340477043983	-0.0795161797925079	0.0109504627860056	0.0192785178600084	0.023594860210854
42	-1.875533677242173	4.623970145201564	1.9413628806110643	-0.2411303400109257	0.2366377503917273	0.1681307068286657	-0.3944372273386465	0.7686361920393743	-0.0720530805594311	-0.2056022690870663	-0.0232304955617273	0.0583109010443967	-0.0741889760509587	0.0267711721063599	-0.1950526310291004	-0.0466471844505737	0.0949134300740079	-0.0671884034444865	0.0928111651097371	0.0438996463142909
43	-0.0539194642657121	0.6206381519514699	0.1754205399535322	-0.0165852716295921	-0.1783702802943375	0.0824324474423802	-0.1333148592169374	-0.1918207861540392	0.1630604197214261	0.0449253266449679	0.0203438853894066	0.1712568877491683	0.0449750325006437	-0.0612588431175625	-0.0239857918647693	0.0777009527998019	-0.0203548516249642	0.0524154564995964	-0.0370464347443173	-0.0193456598325977
44	0.4333282583876743	-1.0175255030303738	-0.4705958144076726	0.069769378262383	-0.1685806004948909	-0.0332010803054053	-0.0026995797616099	-0.292745639676252	0.0837458512934658	0.0687287932356411	0.024020736087147	0.0870726530378724	0.0258227906290792	-0.0485857555849863	0.0378986948645658	0.0692746559333179	-0.036515991604333	0.0436241202581835	-0.0463609118960815	-0.0316955541421144
45	0.3135572228669873	0.4533408072839063	-0.0840263327658804	0.1778303518390205	0.0708441956819042	0.1912064260747328	0.1822439930744099	-0.2492171671002564	0.1557627344282561	0.0231587195208561	0.1269683348941771	-0.0351528582788425	0.1246430756780866	-0.0288184992618855	0.0498093893903763	-0.0026557794102098	-0.1537786151909231	0.0776145372714072	-0.0069870002816069	0.0419277765621794
46	-0.7278290745527791	2.0461736621003928	0.5999294395980138	0.1427085401684159	0.2067155997712554	0.116734872306547	-0.0255039149824729	0.2097395728228578	-0.045853709529623	-0.1026162478206098	0.0994962867882974	-0.0743776282723101	-0.0095473096117458	-0.0276120926550674	-0.04018747922216	-0.0183605707762396	-0.1013570508774107	0.0167588378992728	0.0633199888414591	0.0669106129956731
47	-0.3581218097725776	0.7055679601858885	0.4632252024910805	-0.0187353924303626	-0.0780526380505458	0.6456576796482137	0.0486008270665121	-0.1171215233346166	-0.0800966228271679	0.0884170122266768	0.0693441185831245	-0.0333210385099556	0.0485781552997611	0.0526842007576681	0.066536799506519	-0.0333704640392199	-0.0722852940851227	-0.0211449135933572	0.045608522177092	0.0212709165817781
48	0.7203706090606995	-2.1319884648790666	-1.00269211505463	0.0128727359247414	0.148321929392209	-1.03562806620284	0.0298639370932939	0.2269859946516932	-0.0242969226423075	-0.1120276259899951	-0.1609674461400301	-0.0604254971175017	-0.1233458955906476	-0.0336143504870888	-0.068856251900966	0.0028809073203426	0.1481882556162652	-0.0174467212888929	-0.0475963389104278	-0.0285583462868548
49	1.268467530423772	-4.588752313112382	-1.5422106647378573	-0.1662229481761384	-0.2790879855290049	-0.7231568897496591	-0.0017735995040007	-0.1827915717417845	-0.0734237882660759	0.0945064950764212	-0.2319322019673597	0.0670666689458124	-0.1205981827394999	0.0092937477015928	0.0336903803983044	0.0557484472915568	0.2287585179350634	-0.0544318896343684	-0.1034652276176358	-0.1217956971803301
50	-0.2640449711917604	1.258657596064465	0.5436882554106228	0.0271707695377327	0.024351225085949	0.5254245057551494	0.0918805962392203	-0.0887249675380875	0.0637121788788477	0.0345602651755613	0.0929661179981903	-0.0304273213070032	0.0948932969111454	0.0416197215049073	0.046150048851242	-0.0515623268501707	-0.0856820110679766	0.0235512453288927	0.0269213083629032	0.0392732068498998
51	-0.1020639399723647	0.3222127125934509	-0.08515971362699	0.2100776324537277	0.1016126534035243	0.1024549767405285	0.1233038148557219	-0.051945827313484	-0.0948366783768557	0.0015535384323433	0.0832108017553495	-0.1226250564723042	-0.0029368293524736	-0.0283720336034841	0.0312671168755284	-0.009648540796791	-0.1337108839422587	0.0138976422985875	0.0516593069046933	0.0574193944607003
52	1.3225266176933408	-4.205673249880369	-1.7863902723591198	-0.0929193985905043	0.0131362152029491	-1.5682255600131492	-0.0543120815264521	0.1475849885503281	0.0016802730744215	-0.1069332477585243	-0.2740279265629082	0.0435198650311414	-0.1828577281723069	-0.0737310180048873	-0.0940565705869259	0.0811594400221391	0.2746441237417366	-0.0230931491967767	-0.1232163807673174	-0.1020608261366324
53	-1.235180080978403	3.5942148495364683	1.4743018393378335	-0.0657074982861008	0.2092363236156663	0.6733433121496638	-0.0618526338843759	0.3069180208174115	-0.044957365346445	-0.0762876855794134	0.1192145602698018	-0.0553598241882298	0.0640221413632121	0.0543358027824313	-0.0397836249140761	-0.0733882895060367	-0.0841384026029075	-0.0228336308873265	0.0944637153322244	0.072813227080715
54	-1.084763362994447	1.817535907553469	0.6059092897687556	-0.0028352614949992	0.0344578447673662	-0.2296074670901697	-0.324169040829573	0.3591093118645404	-0.1494985053762499	-0.11410904972979	-0.031493189983149	0.0649817678790681	-0.1498009417961369	-0.0822145002923353	-0.1335705592357437	0.0695543278993715	0.0320597193811596	-0.0301384575557657	0.0537344521602507	0.0181666263903256
55	-0.360249883363026	1.4757727428378504	0.3458627646418383	0.1031436122541964	0.1966649795239927	-0.1050261355081932	0.0078763065211039	0.1969417119089471	0.0012360643975378	-0.084649896368821	0.0353142926188946	-0.0673998000378584	-0.0059815077186965	-0.0290096905406506	-0.0554359880808244	-0.0236350153326528	-0.0589561393080657	0.0136661758478541	0.0430949875324448	0.0568251913399299
56	-0.3473579590370828	1.289386967867326	0.2551939415364423	0.0852247924412223	-0.3106194510952916	0.0143604143218189	-0.3229924650977869	-0.3125533294559003	0.2505430349100279	0.0312338463174333	0.0718761925091953	0.3221289115743136	0.0242763034419067	-0.1656226792870023	-0.0629371843151328	0.1868436469388654	-0.0695958429245753	0.1131203105405863	-0.0598721842585568	-0.0291247271404168
57	0.6722061737315033	-2.6125585889862584	-1.0133760881948477	-0.06833688403342	0.0168096310872538	-0.8862625694999368	-0.0199452791919632	0.1672822706727104	-0.0966495813141286	-0.0534058166353919	-0.1905089589142244	-0.0270521133352224	-0.1461422271689431	-0.0141260735693693	-0.0477952556266991	0.0166219480951917	0.1824215435833134	-0.0484496576749442	-0.0471354125435311	-0.0541938047337183
58	1.8391791413605585	-5.887404689090179	-2.285207842473025	-0.2023694826434978	-0.1320952561502979	-1.828488912653907	-0.0907978195618105	0.071807893421978	0.0454688313910923	-0.0695763624959338	-0.3727239037717843	0.1195246551828232	-0.2110837068847481	-0.059147722114102	-0.0844563544842442	0.1001041297085963	0.3928355832624819	-0.0343578450714235	-0.1838947675559463	-0.1653168178272714
59	-0.4041677320966981	1.4618854828556969	0.4929589349862798	-0.1019905283762949	0.1698349784438989	-0.2578295153957318	-0.1189825096108319	0.3438887144051493	0.0303240133000666	-0.1141065886486382	-0.0469084594755575	0.0154391518264399	-0.0227891195771052	-0.0088765091997943	-0.108792162010408	-0.0147694161278317	0.0621823488791597	-0.0175180574242566	0.0153846213218991	0.014954427945135
60	0.4040305857897644	-1.7331809073247506	-0.5391697888590172	-0.2108092923005574	-0.1493952580511123	-0.5773142368201989	-0.1666069348033315	0.0818971343564735	-0.0218201150670579	0.0046619189115291	-0.1850939472021715	0.1172106972458813	-0.0990505957212537	-0.0169273706190109	-0.0645793105789863	0.0579535536993317	0.1948140902836063	-0.0473446657307523	-0.0595969268915209	-0.080628222925636
61	0.4461297689578616	-1.1897915756218318	-0.5845501733240486	-0.0462766630839241	-0.0375655120835757	-0.680117013550096	-0.1135223249628247	0.0254438278143729	0.1140509140873183	-0.0646629353329379	-0.0951404307118405	0.1138610122002926	-0.054447547533432	-0.0667588712114462	-0.0680528182036228	0.0737011382414635	0.1143065790903733	0.0272281320048465	-0.0770065101975841	-0.0520524520500091
62	0.4337277652942217	-1.7962257565380553	-0.6432674529199898	0.0190102526187513	-0.1861189005121963	-0.1541354145301431	-0.0050875796939382	-0.1990504388371569	-0.0451078722856051	0.0756913845865058	-0.0526634931799678	0.0392425475080188	-0.049511951471125	-0.0213383439732007	0.0380304113246264	0.0477838492421716	0.0344134901177267	-0.0044082954346501	-0.032913543526764	-0.0405646201566943
63	-0.4105476145032068	1.8500932890779385	0.8753182752089362	-0.1418791250977887	-0.0508011161728327	0.5357614386045549	-0.0773062637579276	0.0051569269473754	0.1088790626558777	0.0410887989850134	0.0492848051709481	0.087287360227754	0.1048121211495636	0.0444542918885864	-0.0063405936520822	-0.023617969681822	-0.0237482614327848	-0.0004327765196547	0.0122668282344599	0.0004523081811505
64	0.2774788171230112	0.4054418114467805	-0.2470902992182185	0.1511528595663732	0.1852020223955344	-0.5244423180254211	0.043756263921386	0.0906503091687694	0.1299331208721885	-0.0913107768167063	0.0016714148211306	-0.0247858987803592	0.0074125083209185	-0.0741122158603641	-0.0672300424778855	0.0119395879897518	-0.0401390783707573	0.0537176985756255	-0.0127919196019358	0.0333355927192004
65	-0.7371495163577821	2.590789363480304	0.92104972805877	-0.0521947603600227	0.6330219620651961	-0.1496574597350199	0.1675683821186	0.7571438286357769	-0.1386001092315121	-0.2332085049347728	-0.0175244711152265	-0.3133143403535732	-0.0166942394249734	0.1023862256009105	-0.1000196768031473	-0.1992794724721609	0.0263322435158101	-0.0742218628756001	0.1152008884322043	0.1160441814197859
66	-0.8350200491339624	1.4187965683952235	0.6264928436802393	-0.1384480733046989	-0.1717190951657679	-0.0275051900461354	-0.38382079805011	0.1394261184743541	-0.0013776345317578	-0.0361447313702922	-0.039265277681335	0.2133049906039865	-0.0795301122348712	-0.0677607848058086	-0.1061844436558735	0.1036094607656229	0.0745033506383016	-0.0085025179907585	-0.0047345532511745	-0.0349598407884879
67	-1.1619562687665317	3.783798163377844	1.6518079063860405	-0.059732700316217	-0.3409081366005761	1.1459997363690222	-0.3469520816382252	-0.2523124614766267	0.2595898596546376	0.1015748575040299	0.1965623099592346	0.3278201862167185	0.157906563923399	-0.0236159126011583	0.0059556177111867	0.0799098028496245	-0.1358964230925065	0.0775807873832492	0.0001284567596496	-0.0160234548656541
68	-0.0155606219175088	0.8081186568915476	0.1251828038284679	0.0466859142772801	0.0377367793285282	-0.0996290456505325	-0.0429946312879869	-0.0038159160585916	0.119580563561801	-0.0317091673710785	0.0325620052230196	0.0547721301158768	0.0373243856047414	-0.0474934382855529	-0.0393732850048303	0.0299177147453544	-0.0401168484609797	0.0409637545774469	-0.0123151579851282	0.0094967405896623
69	1.5343307933120849	-5.127202897074998	-1.8562838608268684	-0.3048554749805502	0.0269257383338233	-1.6746940288763086	-0.0166943861278086	0.295285298674889	-0.0397196126706853	-0.1064496956097578	-0.3949617269107691	0.0087261126543961	-0.2072718735160735	0.0140765883643199	-0.0948717380787518	0.0127748972661783	0.4262741047212772	-0.0835277080340646	-0.1381298708667828	-0.131493921489349
70	0.1527841130466716	-0.914550164059111	-0.2204146773799725	-0.1191169788410623	0.2112562225215058	-0.3145969635258718	0.1237608423988501	0.3130491444389526	-0.1611840410476016	-0.0695436999612514	-0.1136685296869955	-0.1705753894394591	-0.0692832982099466	0.0801214754742772	-0.0172401011508365	-0.0958410017511341	0.1207886998370343	-0.0796779034497737	0.0245042608400159	0.0093990552298096
71	0.0871500203275458	-0.7801966752212367	-0.4019290964666425	0.0974811435712078	-0.0004431176854584	-0.2249403231929312	0.0007598932946332	-0.0068691151712149	-0.0971731852299588	-0.0100980345051759	-0.01153868456066	-0.03681126222889	-0.0680935863501925	-0.0371226235954818	0.0011810390718169	0.0299124726950799	-0.0121198307512218	-0.0056375008702938	0.0068614884969791	0.0006370839569976
72	-0.1613295180561869	0.8270613550931284	0.0347110816755093	0.2473244016347494	0.2182519485408422	0.0764567286675829	0.1687948681578735	0.0087456272337	-0.0390558311578055	-0.0549411036854885	0.1185305896418558	-0.1542366534659295	0.0233706729514769	-0.0260313418309232	0.0231354295540676	-0.0323422470795741	-0.152587199663321	0.0367193748523965	0.0518024947110852	0.0782975614627302
73	-0.6965755494099984	1.8429057100803328	0.6606154077501017	0.1213995606902885	0.1735489680314668	0.4808630800399066	0.0898820110081942	0.1024716204138623	-0.1171444391530438	-0.0278665516491424	0.1218800346584392	-0.1410496177033743	0.0263303281708121	0.0249922914513857	0.0230478885691193	-0.0599001274099857	-0.1359305229606006	-0.0073387725908903	0.0890705874265792	0.0801729129036518
74	-1.3128899030669352	3.25821176735052	1.180268282167797	-0.0220274713997098	0.280176794621423	0.0379255118563249	-0.2037641309112632	0.5586826820723634	-0.1208714511473038	-0.1755384736273847	0.0349799126192982	-0.0477662247435334	-0.0671915277875302	-0.0092918226913241	-0.1290986242218544	-0.031210363606146	-0.0129662950577689	-0.0397287008264318	0.0930557069134124	0.0621036680023869
75	-0.1180890723989478	0.1232357829045885	-0.0707796138871726	-0.0039414322477896	-0.0470597401728521	-0.2679677804501305	-0.145821543030736	0.0225009740517461	0.0239767671462857	-0.0366644144479901	-0.022679034307744	0.0924590408192586	-0.0446827569484939	-0.0701220478908099	-0.0594268139349478	0.0753028647521537	0.0236599027652929	0.0160013188109399	-0.0195574935385682	-0.0162067394579294
76	1.0490518043485937	-3.911832542716825	-1.356127749133865	-0.0351382335386635	-0.4150950779865057	-0.3981763218336897	-0.0586810226716672	-0.4016812996187098	-0.0204865251389819	0.150020971792694	-0.1311637784346641	0.1424299876592975	-0.0850143145514523	-0.0370628833221565	0.0666233368335513	0.1082318506819622	0.1171245011264739	-0.0058768412938961	-0.0997317313745169	-0.1146560469875579
77	0.6264553749334075	-1.8637688828247727	-0.6283461580542357	-0.1993497699080079	-0.293416933545006	-0.5142919532164782	-0.2023208829065566	-0.1499465414691299	0.1363810384796309	0.0516242433475407	-0.156867046252894	0.236239027747615	-0.0424241168234667	-0.0520815118566036	-0.0496158284936147	0.1094587812138776	0.1743858300174838	0.0060293261093412	-0.1070248979093448	-0.104260481992775
78	0.9408052654387384	-3.7365728454061977	-1.2199150606401257	-0.1604729855723216	-0.2304215014291066	-0.5966376500329829	-0.025922927838688	-0.124969156992238	-0.0725599590175086	0.0628245849064296	-0.1949974487317373	0.0631822412719479	-0.1118506547705921	0.0086837455655514	0.021620078486358	0.0500360842795703	0.2062329700744927	-0.0478008858166219	-0.0864529946600655	-0.1028288672857628
79	0.0826680419747303	0.3980266573803449	-0.1332547759464777	0.107697771165704	0.1406750072451481	-0.4146763462315188	0.0060592075217204	0.1038597005596815	0.0784276847591039	-0.0839956684256797	-0.0057934634558467	-0.0162229355929963	-0.015355205559993	-0.0588924419709784	-0.0599897438302238	0.0118843962542779	-0.0161211844559593	0.0374113538536959	-0.0061624419076331	0.0269696768292925
80	0.3506709750070557	-1.835066772044272	-0.5649963463973712	-0.0237176794975461	0.0819085630335238	-0.287561083923002	0.1256524165674589	0.1400637210870002	-0.1761600555793257	-0.0166241343566265	-0.0966406768155259	-0.1477831664377333	-0.0897335023488837	0.0632764456232076	0.0308631513802988	-0.0667889154573117	0.095008997174309	-0.0635246129546495	0.0087487871419477	-0.0098574894334871
81	-0.1956141348323564	1.0701704262540752	0.4123318524364483	-0.0739372810490097	0.1258924255384176	0.0268831241850388	0.0188976048848798	0.1567169646166995	0.0480697240700731	-0.0458943638004131	-0.0102685227139864	-0.0262070871471046	0.0333713051488561	0.0260680163104112	-0.0387342185836276	-0.0461348329858712	0.0187896338154722	-0.0059737928043967	0.0156270170684163	0.0259786155956215
82	-0.2385877747330805	1.2897458176858372	0.6467730043910346	0.0348183201875871	-0.1768999271946521	0.9439109720481408	0.042973807117274	-0.3496097071803532	0.1186671096588255	0.1353266798587034	0.1644053578263619	0.0701759485254617	0.1583273371586702	0.0384981557162753	0.1033480942019143	-0.0086250895863903	-0.1514396817149353	0.0452093597592075	0.0108224945995838	0.0101589136198619
83	-1.5407797562358023	3.9627744634323023	1.4350868658090137	0.1493290605649302	0.1471578471934336	0.7440097390296849	-0.1368282137012269	0.2048595982815321	-0.1066830447847049	-0.0707427327436813	0.2075105520746157	-0.0378569448084816	0.0215741055139261	-0.0214014024647409	-0.0282601098234213	-0.0075794273882452	-0.1992328703350681	0.0099352294616229	0.118808419636151	0.0901471739452787
84	-0.1539734144492421	0.1461129720164368	0.3220618043446193	-0.2748018571076369	0.0925885006487007	-0.0959349506983238	-0.0303643214803212	0.3210488316071267	-0.0794660427340641	-0.0387037444401044	-0.1297582969517422	-0.0387513121540381	-0.0337438337720249	0.0851919701503185	-0.0535884705370975	-0.0729810075866771	0.1575085449426627	-0.084201176054738	0.014915990255046	-0.0127844082831469
85	0.8878719615515906	-1.9665616925035088	-0.7519084284435031	0.1085331061578489	-0.1728126815096165	0.1773772678345965	0.2242000940518989	-0.4514998971909814	0.0590119640198188	0.1550182050610242	0.0263110620004	-0.0255776328837294	0.0737078303127246	0.0148438216148427	0.1247446782360907	-0.0025440158087084	-0.0686605535459841	0.0334386277871862	-0.0363275412322805	-0.0149909949005622
86	0.4405797361585937	-1.5881285989096932	-0.5568256137305209	-0.0681496346967087	0.0987846903797963	-0.4553897539423513	0.093300944553324	0.1315807416641565	-0.0555913095336532	-0.0508689157974012	-0.1083737267632937	-0.0837799624117582	-0.0616073198037702	0.0337392956675416	-0.0081857223749471	-0.0403529412054268	0.1202769034779804	-0.0331211204941415	-0.0233850869378828	-0.0156616473998181
87	0.4202002628376348	-1.2177426742660145	-0.2434977186819331	0.0544346163250801	0.027269856414939	0.5248683638027034	0.3491499221931231	-0.1837425669114511	-0.1307127745171646	0.1206869714113812	0.0386496941416569	-0.2167536513638297	0.0619231268138895	0.1258346377394438	0.1541084478183928	-0.1286528936270186	-0.0652249621125926	-0.0385358793446924	0.0417433643589406	0.0319905045207956
88	-0.1983585856444711	-0.4594252139383759	0.1180228013009602	-0.1333091591632938	0.1046224808023914	0.0237322459524077	0.050177020148751	0.2995906332117104	-0.2289674741889517	-0.0192857786915158	-0.0922185884903171	-0.1462132158021279	-0.0811279086191367	0.1047686109462083	0.0074734365385362	-0.1006301954394744	0.1041204517601816	-0.1016332745234752	0.0502111280406128	0.0034986390158861
89	-0.6345903582367656	1.9751744796933297	1.05503857331328	-0.1883124528837317	0.1010903719732193	0.6388290115559921	0.0258486556312293	0.1855816505540067	-0.0190761106826076	3.134791725985763e-05	0.0370026540386049	-0.0498090984652046	0.0823020761510664	0.1125009829259	0.0075843158316231	-0.1035528830504808	0.0042137524677796	-0.046099898934374	0.0537825833775794	0.0308673023275916
90	-0.0369780717939496	-0.1287635535845146	0.0712397160067904	-0.0735742667364818	0.1841939615125951	0.0091578753084828	0.1276840168243619	0.2383858180434841	-0.1584838718770267	-0.0293112967261651	-0.0454782311869295	-0.1667680260130854	-0.0241112172777448	0.0814871947503529	0.0061641461395697	-0.0961282803180062	0.0393433902172092	-0.0713648035395256	0.0486301437395793	0.0253728273490903
91	1.1776088583359483	-3.385915051248772	-1.221852309545624	-0.0032718947257841	-0.321195890018329	-0.1958731865485057	0.1054537670944448	-0.4959991858285256	0.0745884733991287	0.1587066455520022	-0.0748086482171554	0.0842186416032112	0.0090136589726999	-0.0151823935672589	0.0965662902616463	0.0630348887725851	0.0542569166583997	0.0263850949294515	-0.0948451128154534	-0.0755474479735344
92	0.781899838045578	-2.289422851095463	-0.9696273109097404	0.1310182645996006	-0.1004941597939679	-0.2493641072266528	0.1362687233929382	-0.2603716079993148	-0.025580732505204	0.0723379312901033	-0.0252278832238615	-0.0389467048031487	-0.0249770500919046	-0.0238013032893068	0.0676755820055429	0.0251812117449606	-0.0159158965443588	0.0158099644938517	-0.033873383855668	-0.0210414083793792
93	-0.4229387697321954	0.6367439065031092	0.3605857112373946	-0.0480474332389802	0.1817503722662315	0.1505859676744778	0.0702368046705613	0.2741393598784942	-0.2018930815012963	-0.0389785527506158	-0.0135241759160746	-0.1613357239931028	-0.0393700860581869	0.0681617076897819	-0.0047064226976184	-0.0850046489077846	0.0075357587692187	-0.0726762422781364	0.0744422937463044	0.0417186075482953
94	0.3057350191654747	0.0586673254250552	-0.1161491455197425	0.254255389223526	-0.0456216366228153	0.5426932614064015	0.2460569983427547	-0.4312956681226166	0.1080589789794332	0.1045020987623833	0.1715872765916617	-0.0604617289628876	0.1340743538485849	-0.001687783523387	0.1289040259456328	-0.0190121995701568	-0.2052994758265545	0.0810722033475941	0.0061325933911985	0.0459449069792644
95	-0.4414731558921233	2.325118834749078	0.8741689835921187	0.1618243770712298	0.0447858219594231	0.9994675455704304	0.1434920268842937	-0.2091717184379137	0.0833995408884724	0.0721962848297222	0.238927788970816	-0.0537008298743021	0.181219276168744	0.0434009240471217	0.0993602920028308	-0.0575672349395056	-0.2441402806299426	0.0506747370030074	0.0593412659751039	0.0655533184464797
96	0.0223827953376891	-0.9886077404710624	-0.114831757618769	0.0178248292726356	-0.1604558180020825	0.4645809796839757	0.0850613445873307	-0.1769070766002851	-0.1703445903578108	0.1283824015174178	0.0141841848448251	-0.0661054481022235	-0.0155705074823412	0.0645854390115734	0.1066473769436562	-0.0337119487103099	-0.0301402452715563	-0.0445594666662158	0.0319005532857706	-0.0075177237546557
97	0.1005596867892496	0.1321433844469333	0.123489732207749	0.0062564595082779	-0.1600910855581127	0.5326980119958319	0.0568077972907451	-0.3370773484715729	0.0862584594349509	0.1116817965847947	0.0926068665127035	0.0610773806268023	0.1087091784088507	0.0091584778685074	0.0772084867028988	0.0214601238376973	-0.0906781984052184	0.0351976361316139	-0.0133163723004308	-0.0057332598260688
98	-0.8910888447677122	3.3055005267644124	1.2074754228355689	-0.0458092381673615	0.382603492714929	0.1786766034213666	-0.0003841177676179	0.4871157049656598	0.0218678893442899	-0.1590251286993952	0.0571329704275289	-0.1095288589859547	0.0480136892772463	0.0503801143093382	-0.0884519870104808	-0.1096730982697228	-0.0310719199709436	-0.0162275226817202	0.0774430627687227	0.0816733931615696
99	1.0446919337671514	-3.4428536886861134	-1.0808681938747176	-0.1912227618613236	0.0162287326363345	-0.6615422266295239	0.1268115632763353	0.1095716489191072	-0.0695546490378328	-0.0067195742547514	-0.2093394040234845	-0.0762493783052703	-0.0817510299798627	0.0844483467857122	0.0193996792819997	-0.0595646467550361	0.2329912136614895	-0.0716244627782369	-0.0660536796158941	-0.0733682668166797
100	0.4425776237290093	-1.8051071655987407	-0.4635282464541495	-0.0633560821056917	0.0021224262706305	0.1250796699958709	0.2255191536365156	-0.0810090005852915	-0.1503434854157798	0.0715544591851208	-0.0520573469047921	-0.1494248051186213	-0.0080343650259933	0.0915296255981263	0.0892907964268156	-0.0767041274398773	0.0438280823967451	-0.0565104707395414	0.0116520122443657	-0.0012943558442203
101	0.1928378566399052	0.6483723366609809	0.4414731280016032	-0.006294696548879	0.0945720395358695	0.7459962365451582	0.3132522305015287	-0.1430627756024868	0.0859408437475679	0.0846227414606763	0.0987062921202605	-0.1392548753526398	0.1757180554566687	0.135377557838202	0.1202467040146606	-0.1488299125475583	-0.0924816670501216	0.0066143960846156	0.0286173173734648	0.0462420941234858
102	0.7219178826841579	-1.4364718105415994	-0.3873653947369957	0.0108844565708607	-0.3080034594224538	0.5676198722607181	0.1608028041388928	-0.588702123370693	0.1356484255411474	0.209769356191451	0.0657580578444707	0.0743540324005676	0.1383049981560805	0.0332811616356722	0.1483930104813903	0.0160742087195768	-0.0755024770801297	0.045487523783123	-0.0526933089458274	-0.0362948941869695
103	-1.0687702496739746	4.505050470135588	1.628956363090602	-0.0155434164876445	0.5219829997925077	0.4733241760279411	0.0867394934999314	0.5228407853946034	0.0751172172516737	-0.1854506345976538	0.1475663993974763	-0.1647527205121582	0.1326907984032911	0.0805772015228018	-0.0721001773804366	-0.1570289343953545	-0.1095042603316536	0.0005099977128632	0.1016147739913138	0.1171202168355585
104	-0.0258401273323895	0.1410092098225318	0.1876597603692589	0.1316249025557375	-0.0200247811524039	0.7961119773255015	0.2385409098521688	-0.271670736361806	-0.0507615863162593	0.1074996567358827	0.1500673553807855	-0.1247661369656752	0.1031419397505662	0.0759966021294115	0.1475807003309069	-0.0730551156124054	-0.1566962729966971	0.0119298134644956	0.0437220898004993	0.0412190626997019
105	-0.0154107062357583	1.0976206974588851	0.3960462841534916	0.0896610628413905	0.1732303930794801	0.5100767157956813	0.2438244032736994	-0.0563037714972104	0.0504796376058679	0.0172077351315681	0.123767163961732	-0.14005423604005	0.1310772165649981	0.0677645490790959	0.0714628729562353	-0.1005277844866114	-0.1317593885670021	0.0209165789568086	0.0420930855778808	0.0628379908301844
106	-0.7912975561182037	2.1410564669328687	0.9705738635086132	-0.0938448384702645	0.390663238252339	0.2882090444006169	0.1195878818679636	0.5205757220056765	-0.1793115896751707	-0.1145408732917868	0.0087073171380393	-0.2401557626707906	-0.0006244505991279	0.1226656963999049	-0.0323591536336157	-0.1696108475712341	0.0075548779538269	-0.0846311621283283	0.1103274074305437	0.0833585778822288
107	1.0362606700156989	-2.890364541363345	-0.5731559624838228	-0.4639780227103714	-0.0155256101357467	-0.3764450888959924	0.1219335634643194	0.1624828078795406	0.0267323175146871	0.0286400890684979	-0.2611076941565785	-0.0225956218222496	0.0009641659691246	0.1730796924558919	0.0144184448836312	-0.1173913249257997	0.3261556635770937	-0.1026967405375229	-0.082789645998501	-0.0964374186560041
108	0.4145005712679138	-1.769252302897237	-0.5103142815087843	0.0056173139989247	-0.1902042989388974	0.0915183004146219	0.0650838198833231	-0.1981994912120931	-0.1061929105704644	0.1239829589093491	-0.0505897786284355	-0.021651831757932	-0.034465666228704	0.0311454928500556	0.0764201276949318	-0.004000505043085	0.0197283556473125	-0.0332455221302043	-0.0050399792546693	-0.0300859534447017
109	1.2478951897031616	-3.295820829127248	-0.8313171471212758	-0.3714241144674234	-0.0656009617791063	-0.4217747784905588	0.1633591141692888	0.0150380089820039	0.0663775495161041	0.0576889644767835	-0.2438686311809125	-0.0140870947557123	0.0092005410667177	0.1420016060131362	0.0348210854887973	-0.0951714784116961	0.2871256947750781	-0.0718812557526428	-0.095437059884009	-0.0918105128438617
