label_id	archetype 1	archetype 2	archetype 3	archetype 4
1	0.0395231774895654	0.438698653017887	0.5119490004243131	0.0098291690682344
2	0.2943654772822123	0.130062073638341	0.5621177722202962	0.0134546768591503
3	0.9641219123906076	0.0239649278823476	0.0083859282140472	0.0035272315129976
4	0.5380860085662262	0.0783767710967383	0.3427739856696644	0.0407632346673708
5	0.7438388094887096	0.1068129400312038	0.1407597600925645	0.008588490387522
6	0.2094349947097281	0.4595342787500133	0.3274913389402107	0.0035393876000477
7	0.0867547205137944	0.41854663213208504	0.2147312304113066	0.2799674169428141
8	0.9050439060390011	0.0353987401290555	0.048105192994837995	0.0114521608371053
9	0.5486481324388871	0.2452596450901991	0.1884997268375389	0.0175924956333749
10	0.8575034963093948	0.0338128159229153	0.08262312167844	0.0260605660892498
11	0.0017704047014833	0.0165588838242549	0.0196405855729507	0.9620301259013112
12	0.774547583995	0.0598054748875005	0.1214433592218378	0.0442035818956618
13	0.4471241290760893	0.4074798557519877	0.1277348437871105	0.0176611713848124
14	0.4163303521808979	0.3270843681419114	0.2530859095522725	0.0034993701249184
15	0.1109754408178693	0.3829354829435263	0.4973819780778375	0.0087070981607667
16	0.0050339651410301	0.5617402002843573	0.3035436825345027	0.1296821520401097
17	0.0509895201419123	0.8899981497378526	0.05535043372538599	0.0036618963948488
18	0.7679032967967059	0.11435148727652801	0.1054537509047089	0.0122914650220566
19	0.0048415140743899	0.0219019993157494	0.0247548392050135	0.9485016474048472
20	0.0227631807701775	0.1129228612559203	0.1517476636675056	0.7125662943063964
21	0.04096651390070501	0.0503972737655193	0.1927459999931857	0.7158902123405901
22	0.0814668393019778	0.2301303887455962	0.1112641860649354	0.5771385858874902
23	0.3878520664648199	0.0435772202750888	0.3639385102607361	0.2046322029993552
24	0.034188290494645	0.3892209584699591	0.5696783897062943	0.0069123613291012
25	0.9825956645677956	0.0019886777604641	0.0151946187901315	0.0002210388816087
26	0.0202433429874346	0.2401919356627275	0.1856212495204272	0.5539434718294108
27	0.9396594979645956	0.0277392544944218	0.0305049562353053	0.0020962913056775
28	0.0032788536014142	0.2655222776478482	0.0803607860584255	0.6508380826923121
29	0.264235266510812	0.4068608733105319	0.1952531599544622	0.1336507002241938
30	0.9800346829254392	0.0016128403838862	0.0170816334925233	0.0012708431981516
31	0.9346451777276444	0.0057021743410167	0.0589235790307872	0.0007290689005515
32	0.0117321035797706	0.0044650558895335	0.0270651013183615	0.9567377392123342
33	0.9281254164299559	0.05439264185142	0.0165888645044596	0.0008930772141643
34	0.0779056775484356	0.0438563477298522	0.1848394075506907	0.6933985671710213
35	0.0033673570797167	0.9049913321054104	0.0904190138632138	0.001222296951659
36	0.8695411561893548	0.0303381245254959	0.0542534862753561	0.0458672330097934
37	0.894252361481902	0.0068533113352072	0.09754449876507901	0.0013498284178116
38	0.8553502440315784	0.016888477311131	0.1256666951009425	0.0020945835563478
39	0.0156878558852008	0.1204523013838821	0.0553715593620537	0.8084882833688632
40	0.1157595085433683	0.0940229913950157	0.7790261594410771	0.0111913406205388
41	0.1748370861268292	0.0423959392306418	0.5072311320774824	0.2755358425650466
42	0.925352155120866	0.0120626207782979	0.0589638886820973	0.0036213354187387
43	0.0427421668076922	0.3609362038422951	0.1075465965909201	0.4887750327590923
44	0.3208976367917903	0.2249131797751115	0.3136582127603097	0.1405309706727887
45	0.0694435077588181	0.2785040622348784	0.6394667221605439	0.0125857078457595
46	0.3052576563029581	0.0664600709101044	0.6087652181290522	0.0195170546578853
47	0.6657540622918687	0.1121602963995378	0.2100217591154594	0.0120638821931338
48	0.5705232392655815	0.0445258172997947	0.3820301885590365	0.0029207548755874
49	0.20685824545958198	0.5682451750508023	0.2027358015399311	0.0221607779496845
50	0.9795854747815624	0.0093068058349707	0.0108359954819669	0.0002717239014995
51	0.7856895863304364	0.0448352716957265	0.0618361523634611	0.1076389896103759
52	0.3768355605950343	0.2271200104708939	0.3873262116352946	0.0087182172987771
53	0.2549227845966721	0.1813913151884409	0.4833830547693284	0.0803028454455586
54	0.0198429740097716	0.6627162579798361	0.1504578695476109	0.1669828984627812
55	0.0835111309909983	0.8748769520493076	0.0353125411433739	0.0062993758163203
56	0.7971332771739643	0.1136529582437304	0.0713995558703116	0.0178142087119937
57	0.5626871981628572	0.1338737011956643	0.2955758341345832	0.0078632665068952
58	0.0038486016037981	0.8823371016466975	0.1128326185706759	0.0009816781788286
59	0.8209879093107588	0.0159028731682197	0.1239406720452294	0.0391685454757922
60	0.0496000347391426	0.5444205434658784	0.3960532746815613	0.0099261471134177
61	0.1713099267075337	0.1763583106916826	0.6411207649008246	0.0112109976999589
62	0.8163307692924437	0.1227689640795602	0.0549387311761399	0.0059615354518557
63	0.0561196789535307	0.8753979093444123	0.0667824261391464	0.0016999855629103
64	0.1767070527562916	0.7267308042733405	0.0813538829316989	0.0152082600386692
65	0.0002053360196217	0.0095671236944284	0.0047189745206824	0.9855085657652676
66	0.0048449246133711	0.3618537347272277	0.0829086991470073	0.5503926415123938
67	0.0139591824060633	0.17101062730470698	0.8100654212500964	0.0049647690391333
68	0.0107063846587245	0.8387464496632583	0.1090718100651462	0.0414753556128708
69	0.0046876277049502	0.6654990603927824	0.2943328489340748	0.0354804629681923
70	0.0022930489004912	0.6327974245328947	0.3603445213727785	0.0045650051938354
71	0.0044691303375657	0.9010524241345991	0.0895713828388986	0.0049070626889364
72	0.9337872698536884	0.0161121537259333	0.0346941247264434	0.0154064516939345
73	0.0159003499970072	0.5468807680814701	0.3037261731386405	0.13349270878288197
74	0.3874435954817846	0.2321750953966931	0.3434117411988737	0.0369695679226486
75	0.0113140614454658	0.6594736913790821	0.3111407099869644	0.0180715371884876
76	0.1521720720699923	0.76076650897385	0.07676216786989999	0.0102992510862573
77	0.0378232352007377	0.7757249746057024	0.1827300991141321	0.0037216910794277
78	0.1161372647577072	0.561508082451999	0.1370503170190885	0.1853043357712054
79	0.8075380329318974	0.0145209459674561	0.1757316706359802	0.0022093504646662
80	0.0090055030970842	0.8750109853703083	0.1062297768944245	0.0097537346381828
81	0.0024066793899761	0.8533154820796874	0.0663421244625204	0.0779357140678159
82	0.0935398735610467	0.5819277062879112	0.3085652117804408	0.0159672083706012
83	0.0015682619055453	0.9234424705064348	0.0724701932766403	0.0025190743113796
84	0.012085626138483	0.5552259203425817	0.4127590766195127	0.0199293768994224
85	0.0133105086337429	0.6666992879951632	0.1918002473125237	0.1281899560585701
86	0.1195397269974195	0.0341822504040531	0.8023867053400441	0.0438913172584832
87	0.0278291772073992	0.9118582648835002	0.0571198173836522	0.0031927405254483
88	0.2879954989979782	0.0485778172526172	0.4198355098372052	0.2435911739121995
89	0.5403633185298324	0.070225261314313	0.2664333934702535	0.1229780266856012
90	0.0138043587275226	0.4046941658571658	0.5322932837936211	0.0492081916216904
91	0.0073616462597088	0.8478076711270972	0.1369479056477381	0.0078827769654557
92	0.1554817647002939	0.3622749626625481	0.46865309286609097	0.0135901797710666
93	0.364662180670474	0.3634893836016112	0.2490603638123931	0.0227880719155217
94	0.3035052413127767	0.0434787999311228	0.6341290043557046	0.0188869544003961
95	0.0046821709078856	0.9238613714255258	0.0649751107557256	0.0064813469108627
96	0.0025985971936431	0.8125629201038203	0.1787120245957469	0.0061264581067895
97	0.0048421180509639	0.9041886786806742	0.0893670926594906	0.0016021106088711
98	0.1360367267078694	0.1091515283095316	0.6750559521665139	0.07975579281608501
99	0.5201565577473026	0.056955974162437	0.2496978671525765	0.1731896009376839
