label_id	archetype 1	archetype 2	archetype 3	archetype 4
1	0.5945446928469225	0.0851119863185899	0.1899292923523872	0.1304140284821006
2	0.833602718061722	0.0560838258255568	0.1072442311571092	0.0030692249556118
3	0.7150230224046341	0.0772439065801247	0.1699754253883396	0.0377576456269017
4	0.6248301770276556	0.1763643307644273	0.1733959380799469	0.0254095541279698
5	0.8600235521406165	0.0506433415503656	0.0833814712229128	0.005951635086104999
6	0.11812625795048101	0.45697475279960104	0.3011777889158011	0.1237212003341166
7	0.6116472744179996	0.1800354365895517	0.1901740807530854	0.0181432082393629
8	0.7951045101311431	0.0865097550673497	0.09030089257705802	0.028084842224449
9	0.3416870531549136	0.40921983919960997	0.2127145637390485	0.0363785439064279
10	0.1968515895944201	0.4423599392546243	0.3092738871827081	0.0515145839682474
11	0.0563542425805926	0.7639124105086574	0.1484271304754909	0.0313062164352589
12	0.2080581787151874	0.5727690649267728	0.2016320287544558	0.0175407276035837
13	0.1539514612145641	0.5870981685426674	0.2145597785715565	0.04439059167121201
14	0.7979379908898293	0.1103798580029337	0.0770795945516149	0.0146025565556217
15	0.9524896120520832	0.0038423026022577	0.0392783573924201	0.004389727953239
16	0.1403327663793258	0.4433910051422974	0.4031438350771235	0.0131323934012536
17	0.6630659175821336	0.1343699474880385	0.1737927444975632	0.0287713904322647
18	0.2899378474679095	0.3378018326655916	0.2474977948170909	0.1247625250494077
19	0.4702075014652328	0.2102242053591161	0.2644116351520703	0.0551566580235804
20	0.8450893709557181	0.0549361746436227	0.0772541814067705	0.0227202729938882
21	0.6755588655562563	0.1288293305333511	0.181369103419885	0.0142427004905074
22	0.3513519267113708	0.3511308434064008	0.22308764367686604	0.0744295862053623
23	0.4975498204082905	0.2027377156846913	0.1377775531850043	0.1619349107220137
24	0.1255832443188735	0.4050924519489787	0.1429578483523994	0.3263664553797484
25	0.2480915253862911	0.2715115301501264	0.4465977456517085	0.0337991988118735
26	0.6485057198641161	0.1005467947067279	0.2427703097508021	0.0081771756783539
27	0.1412327995144887	0.4214222280934632	0.2756639669811542	0.161681005410894
28	0.6375441935250861	0.2309156046181059	0.1197097759900001	0.0118304258668079
29	0.8985385048012264	0.034417720909837995	0.0635825849275849	0.0034611893613503
30	0.4996328267900143	0.1678808013363426	0.1301040162825734	0.2023823555910694
31	0.7933482551103408	0.0807222633268136	0.1117765616178367	0.0141529199450092
32	0.6384232704984804	0.08583617788049201	0.2466178147122154	0.029122736908812
33	0.2967501474158857	0.2832357732919128	0.3707692861765764	0.0492447931156248
34	0.5485543303988698	0.2334168087898979	0.1927520808882783	0.0252767799229538
35	0.4013793442513359	0.2748223282015168	0.1686338247186232	0.1551645028285237
36	0.0426876963241016	0.4347214549953655	0.25604867224690303	0.2665421764336297
37	0.2150872489270926	0.3882815522047672	0.3672555431124015	0.0293756557557389
38	0.3347324323582633	0.3875129303672563	0.2471712612139965	0.0305833760604838
39	0.5882549687306953	0.1787398280360759	0.1990729733857081	0.0339322298475205
40	0.9525041255633367	0.0114594394554392	0.0326612797918736	0.0033751551893501
41	0.4450753741355032	0.3684476139095546	0.1737689297584252	0.0127080821965168
42	0.8681966090623252	0.0404996351666572	0.0853736156452375	0.0059301401257797
43	0.4347589681678687	0.2660984234010997	0.12459678431548599	0.1745458241155459
44	0.7706646144808978	0.0770886275449955	0.1189514808887722	0.0332952770853347
45	0.1954131539930977	0.3459667472527584	0.3159665801026581	0.1426535186514855
46	0.9227621810695446	0.0073445612002695	0.0620908087625387	0.0078024489676471
47	0.8277341417130909	0.069684924202311	0.0969302624012259	0.0056506716833721
48	0.9114760851225046	0.0179473397395744	0.0576401097242797	0.0129364654136413
49	0.7607660602348206	0.0862645714918832	0.1271594417715056	0.0258099265017904
50	0.947930137603008	0.012759229901696997	0.0370160744223727	0.002294558072922
51	0.0636932934230375	0.4359587830064506	0.267370645789963	0.2329772777805485
52	0.814042907263202	0.0758891482019007	0.1059229527464561	0.0041449917884406
53	0.1525822209793772	0.4853764493039959	0.2391331292832706	0.1229082004333562
54	0.6185945917753031	0.0895524645831303	0.1857685851868429	0.1060843584547237
55	0.9559691231691348	0.0146447003862424	0.0267063830143006	0.0026797934303219
56	0.7070012254972016	0.1439061676477394	0.0998784681402861	0.0492141387147728
57	0.1014430348142736	0.1467376180892564	0.1492435017983452	0.6025758452981246
58	0.9113299437741894	0.0373486965292609	0.0428236707725928	0.0084976889239569
59	0.1422945435412555	0.2802776751022725	0.1758105361522886	0.4016172452041835
60	0.4255223631770576	0.3884376460422216	0.1448825987256751	0.0411573920550456
61	0.4157378094577059	0.2467239191396339	0.1204733048116517	0.2170649665910086
62	0.0695389050539421	0.6291257642823054	0.2201151939568507	0.0812201367069015
63	0.0934494967047571	0.36802436935026706	0.2336506236841759	0.3048755102607998
64	0.8285295061010547	0.0940825859851732	0.0712944649411431	0.0060934429726291
65	0.0599334858398638	0.7338262659701851	0.1534112917715967	0.0528289564183541
66	0.2833686191187687	0.4999132509651666	0.1693401725699881	0.0473779573460767
67	0.2431869750090184	0.1387765818740528	0.1855642763287229	0.43247216678820605
68	0.8804423617037499	0.0329035987487673	0.0616266280125961	0.0250274115348867
69	0.3760049622220679	0.4106438681410743	0.1938357544727088	0.019515415164148998
70	0.2150941463041284	0.1896723785868795	0.3166445344739897	0.2785889406350022
71	0.5500649788277578	0.2060239712267497	0.0819323863625029	0.1619786635829898
72	0.0189609313982682	0.6667283101696068	0.1406764548155173	0.1736343036166074
73	0.7139361997583719	0.1400526899701264	0.1237798124858276	0.0222312977856738
74	0.2972969644436956	0.4854878006119593	0.1390697247652267	0.0781455101791183
75	0.5064697473195976	0.3333542698541527	0.0790402753097859	0.0811357075164635
76	0.0285321856058987	0.7101321943471794	0.1086169826421756	0.1527186374047459
77	0.0160981961226555	0.5428406779400003	0.3810667309373362	0.0599943950000078
78	0.057780776600169996	0.7035643471663606	0.1441522546259568	0.0945026216075119
79	0.0242021869920168	0.0696869529979605	0.3818187101963874	0.5242921498136351
80	0.2534648824369941	0.5067339716072569	0.2156040867777953	0.0241970591779537
81	0.1284932335370312	0.4719256475535817	0.2985797632705879	0.1010013556387992
82	0.017584985924768	0.5219164119193329	0.2110837789100685	0.2494148232458301
83	0.8866907555010063	0.0028264800956879	0.1001166381731065	0.0103661262301991
84	0.0406686889057869	0.3117040871697631	0.30238516308742497	0.3452420608370249
85	0.0280454495155505	0.7707409657632058	0.1764676476540565	0.024745937067187
86	0.2157013290955522	0.3523590222055007	0.2084330204038918	0.2235066282950552
87	0.0289417058794315	0.4968463270043411	0.1062904363966917	0.3679215307195356
88	0.0698925032192767	0.7798915749148135	0.1257334304096886	0.0244824914562211
89	0.0703368394131409	0.4647136667672145	0.2404090127273682	0.2245404810922761
90	0.3207306487782737	0.3076124502064072	0.2038378372307194	0.1678190637845998
91	0.0350865256020739	0.5484163762037767	0.1880378345348996	0.2284592636592495
92	0.0504206417882499	0.515996775723452	0.3692047140559887	0.0643778684323091
93	0.9303043805875733	0.0032247884299594	0.0561451736892547	0.0103256572932124
94	0.0395239418311242	0.2332486732749571	0.2905712920373213	0.4366560928565975
95	0.4860704811601435	0.188080454618503	0.2637405564200346	0.0621085078013191
