label_id	archetype 1	archetype 2	archetype 3	archetype 4
1	0.0357417400565824	0.8961882773885892	0.0645546873507185	0.0035152952041098
2	0.5557580548148285	0.2119968715802525	0.2261597452965364	0.0060853283083824
3	0.9067720417766759	0.0433490894314535	0.0478055398422734	0.0020733289495966
4	0.4421498183996181	0.19637312448841396	0.3495038903034368	0.0119731668085308
5	0.9393232718200286	0.03184807858976	0.0199825488067686	0.0088461007834426
6	0.1899288589142818	0.5508619299870483	0.2538064909395743	0.0054027201590951
7	0.9872534255873516	0.001761354419799	0.0104014710275213	0.0005837489653282
8	0.7988349720806392	0.1545421971123612	0.042042496626666	0.0045803341803333
9	0.7486134933112104	0.0114464050700007	0.23640177202381	0.0035383295949786
10	0.0930645664614109	0.6807366255597218	0.2209395450893727	0.0052592628894945
11	0.0172690894016449	0.842277412227754	0.1391222031097534	0.0013312952608478
12	0.0302029410265536	0.3372606428613673	0.6264209191021088	0.00611549700997
13	0.0338231720270182	0.6942584024275996	0.2694476103423388	0.0024708152030434
14	0.8888717168225678	0.0506684722943781	0.0570011146552656	0.003458696227788
15	0.0705121104613712	0.7587947552139023	0.08351756864033501	0.0871755656843915
16	0.8707788906463088	0.0287082073757787	0.0991006465752757	0.0014122554026372
17	0.0075761962929464	0.8086950938560126	0.17990048372702497	0.003828226124016
18	0.039276016440946	0.4193723655523343	0.5209434361903237	0.0204081818163959
19	0.7251210237907104	0.0516398586371025	0.2075192000705349	0.0157199175016522
20	0.8663293381497915	0.0857571941471527	0.0456391523459424	0.0022743153571132
21	0.0794918651291191	0.5316339781088343	0.3835110311249944	0.0053631256370519
22	0.0847110960741304	0.3539011195419386	0.5255662011688618	0.0358215832150692
23	0.6354648853710809	0.0679606564176383	0.2851205800389554	0.0114538781723252
24	0.94542352826078	0.0044971502693818	0.0486682077129087	0.0014111137569295
25	0.00325359414147	0.8998362379847911	0.0752660366146988	0.0216441312590398
26	0.0268478985969163	0.9143009345776274	0.0576714961569154	0.0011796706685409
27	0.0080501376826824	0.8979436263501805	0.0823056746939737	0.0117005612731632
28	0.4957992554448024	0.0612261674967957	0.4202250045054663	0.0227495725529355
29	0.0191050298065097	0.8667401159745667	0.1118956745665347	0.0022591796523887
30	0.0238393943588471	0.8715978696929413	0.0865619750560164	0.0180007608921952
31	0.7461663728147477	0.02373575876286	0.2086386356065962	0.021459232815796002
32	0.0093974192286397	0.8121878785404532	0.1690022529172153	0.0094124493136914
33	0.1986588590074815	0.6366116048657751	0.1605958640453713	0.0041336720813724
34	0.9840378763678214	0.0018185634811074	0.0132848962440096	0.0008586639070615
35	0.8568604583398632	0.0216393420474873	0.1164589614116067	0.0050412382010426
36	0.0338246531356611	0.2548366207355229	0.5983006666575253	0.1130380594712907
37	0.1659275008444999	0.701227984022066	0.11890487859153301	0.0139396365419006
38	0.9730022099325802	0.0114300236105398	0.0150208775685937	0.0005468888882863
39	0.2115283229770717	0.1265912361805654	0.5007169893266756	0.1611634515156872
40	0.9535100137761092	0.0077824231891307	0.035938405465952006	0.0027691575688078
41	0.0126651597509722	0.1984746998913691	0.7501414816531823	0.0387186587044763
42	0.1148189822120617	0.6751237111835376	0.2020251079978219	0.0080321986065787
43	0.0065135355765862	0.8734348296479126	0.1169090029703765	0.0031426318051241
44	0.5411672861161706	0.0492496702635958	0.3998892571413148	0.0096937864789184
45	0.0313255762511056	0.6219364219826358	0.3341908402531834	0.012547161513075
46	0.0062625487119188	0.9023653231257858	0.0854991024978357	0.0058730256644597
47	0.0099047536234596	0.7457658858689763	0.2328380607494845	0.0114912997580797
48	0.0521259947562004	0.7794157457396887	0.1007872885619548	0.067670970942156
49	0.6590234364674705	0.0607267363042817	0.2710306168523196	0.0092192103759282
50	0.902822543242052	0.0334561422817451	0.0563528443341942	0.0073684701420086
51	0.1139459252947041	0.0794204014422606	0.1643946500502955	0.6422390232127394
52	0.0120542552900255	0.807668753630748	0.1562340045069127	0.0240429865723139
53	0.0072411384797248	0.8440185633201622	0.1328514156457109	0.0158888825544023
54	0.0100379928448466	0.3428550402257678	0.5007551503557552	0.1463518165736304
55	0.0070011574239798	0.6991349098223639	0.2186076719615657	0.0752562607920903
56	0.9064614538493032	0.0545297415269643	0.0361890059088702	0.0028197987148621
57	0.0185101495736882	0.1084538454644969	0.1762071045731123	0.6968289003887028
58	0.6813414937785787	0.1343473916978115	0.1195918796452408	0.0647192348783687
59	0.894449008220125	0.0339965608652536	0.0671130990697674	0.004441331844854001
60	0.0027558154188646	0.0173264614373421	0.0270189805433666	0.9528987426004266
61	0.6254644397086496	0.0481765858961664	0.0925401421779705	0.2338188322172131
62	0.0086848701354082	0.3892226249490456	0.486668005953017	0.1154244989625292
63	0.9508355095684806	0.0054681301131595	0.0338669169911847	0.009829443327174999
64	0.9140968067031701	0.0163345547960859	0.0664949605436818	0.0030736779570621
65	0.0177147687499108	0.7525353143924193	0.2118970326092951	0.0178528842483746
66	0.3707803756373506	0.2167259453780884	0.2743976733540122	0.1380960056305487
67	0.0070318469343347	0.8432272623667417	0.14054107532925597	0.0091998153696674
68	0.8884301159137885	0.0694383090883939	0.0389086282906317	0.0032229467071859
69	0.1210815497514797	0.7483784916401136	0.1226066508402384	0.0079333077681685
70	0.130496930913929	0.175073619970767	0.5512278649145501	0.1432015842007539
71	0.0941279873900539	0.3343622007269936	0.3874429111281856	0.1840669007547669
72	0.4749220462918539	0.1566556301134121	0.2593824366301723	0.1090398869645615
73	0.2157569714869238	0.22980363326223002	0.5474049155324963	0.0070344797183498
74	0.0535120258631664	0.5231116397824321	0.3921129356164345	0.0312633987379667
75	0.2734233179749639	0.42021236986179406	0.2609763009524322	0.0453880112108099
76	0.3354298519366004	0.4754386118533373	0.1807823320859298	0.0083492041241323
77	0.1265165155157331	0.1494578217859057	0.4480562398938683	0.2759694228044931
78	0.1066616775787043	0.6266997572918667	0.1952342195937779	0.071404345535651
79	0.5774721012041011	0.3592447601157663	0.061128528949182	0.0021546097309507
80	0.8340530040779636	0.0126068164293519	0.1188449566503003	0.034495222842384
81	0.0661303769124471	0.8632287071357838	0.0442398232332087	0.0264010927185601
82	0.3472412612774089	0.2529258576538308	0.3695318007955036	0.0303010802732568
83	0.0515075799091319	0.4365974158610624	0.4903868750149435	0.0215081292148622
84	0.0097945310614028	0.8958836574406261	0.0934419547964657	0.0008798567015054
85	0.0101623619408716	0.0410951523285893	0.9386459180098068	0.0100965677207323
86	0.0190572483316888	0.7932297173474475	0.1763157053927646	0.0113973289280991
87	0.0294450619642404	0.0576999395066968	0.8725678817975459	0.0402871167315168
88	0.0198241031424797	0.3718711082942278	0.4205298976867806	0.1877748908765119
89	0.0102759519314291	0.2695192224122835	0.4019691869150866	0.318235638741201
90	0.9115182780719968	0.0327405611183225	0.0439469464573906	0.0117942143522903
91	0.0071415104272089	0.9190209899288924	0.060592155088954	0.0132453445549444
92	0.0046208517938694	0.2427964209408319	0.747963926365595	0.0046188008997033
93	0.0087448406232026	0.4646820751810819	0.5213433146635991	0.0052297695321161
