label_id	archetype 1	archetype 2	archetype 3	archetype 4
1	0.4260805174352479	0.1265363936980969	0.4240264143558085	0.0233566745108468
2	0.4323908572704544	0.0954934162258159	0.4644611382277712	0.0076545882759584
3	0.9085596125219818	0.0074621007077693	0.077568087476371	0.0064101992938776
4	0.5327211265849342	0.4194231350417121	0.0427416590938611	0.0051140792794926
5	0.5007825093111513	0.4389301977910531	0.0568400182024508	0.0034472746953449
6	0.7672498064530826	0.0100801256813694	0.2033381633908217	0.0193319044747263
7	0.7924181635692011	0.025775867642096	0.1741479056795916	0.0076580631091113
8	0.8892683776611261	0.0277001590020601	0.0551021380220931	0.0279293253147202
9	0.9737908723473512	0.0098167497516834	0.0150618607818043	0.0013305171191612
10	0.6850140347869569	0.0423577900165513	0.096427204980158	0.1762009702163338
11	0.3307186776065492	0.5433681573490288	0.1206120536915637	0.0053011113528581
12	0.5694983929164869	0.3460479772262634	0.0751866198881669	0.0092670099690827
13	0.9880341370985252	0.0014022213581904	0.0100636327242324	0.0005000088190522
14	0.9298240015614512	0.0099114583800196	0.0368352532276123	0.0234292868309166
15	0.9068681859084704	0.0226324410699505	0.0655995826969828	0.0048997903245959
16	0.7842832778615845	0.0055448191480233	0.2065609073589936	0.0036109956313986
17	0.9618565857225568	0.0190691152628441	0.0179490253203823	0.001125273694217
18	0.16481357932076	0.7895139870856287	0.0263582986336738	0.0193141349599372
19	0.8552082300150898	0.0093973301507829	0.1251782257035337	0.0102162141305933
20	0.0397930758851046	0.8992665933481746	0.0557534396025254	0.0051868911641952
21	0.1056518744121284	0.2604087923062038	0.5994801681245493	0.0344591651571184
22	0.3327527259890341	0.5639032259158265	0.0975197882405532	0.0058242598545862
23	0.1053083152443228	0.7471909764556552	0.1439668420471096	0.0035338662529124
24	0.6474179356911801	0.0583298799853974	0.2029501266520067	0.0913020576714158
25	0.9196221410614256	0.0327211881005976	0.046056611757073	0.0016000590809037
26	0.7815201460974678	0.1078788112035336	0.108087768156718	0.0025132745422803
27	0.7010400228995647	0.2249174851763294	0.0568773647252	0.0171651271989054
28	0.0213440986351848	0.8846793337815934	0.0924837564682531	0.0014928111149689
29	0.2846050450878883	0.579091762737631	0.1312711920295244	0.005032000144956
30	0.3333906734255037	0.2498593401168481	0.2076156818489966	0.2091343046086515
31	0.0296826435758126	0.7585599108255366	0.2042807525265737	0.0074766930720769
32	0.1676627315707656	0.0305738522417484	0.1802561070738193	0.6215073091136666
33	0.0241277598995514	0.4989346248356093	0.4713098392175619	0.0056277760472774
34	0.139961880886441	0.2118311183416467	0.6195425579100637	0.0286644428618487
35	0.9844874989427138	0.00281276157066	0.0114713822199478	0.0012283572666778
36	0.7774730836390468	0.0255386765383845	0.190666285005267	0.0063219548173018
37	0.2544433922299741	0.4358816763801112	0.2800097322148592	0.0296651991750554
38	0.6233811129265672	0.1794519181669803	0.1908937638670228	0.0062732050394298
39	0.984375676581201	0.0013406947920301	0.0140181499872549	0.0002654786395142
40	0.2785720586601998	0.5810315826605986	0.1131213258410882	0.0272750328381133
41	0.147423775423246	0.4776068426722571	0.3669727883097834	0.007996593594713
42	0.9233291367093468	0.0043015284770904	0.0703846353286326	0.00198469948493
43	0.4755756682233154	0.042337696844556	0.1164161099763573	0.365670524955771
44	0.3020064159610603	0.0737803429628856	0.6099983171689368	0.0142149239071171
45	0.3157917626610438	0.5046860321391999	0.1749561509905073	0.004566054209249
46	0.5179779745222127	0.1042786790658597	0.210725928176348	0.1670174182355797
47	8.52563015002764e-05	0.0003311547531998	0.0017087504538169	0.9978748384914832
48	0.0208850100094475	0.739809264358747	0.1741115074789662	0.0651942181528392
49	0.1186867557983035	0.3162017513214136	0.3670076049626415	0.1981038879176412
50	0.0110667082669687	0.8502822080354742	0.137442668146195	0.0012084155513621
51	0.9134061498167416	0.0080742683100669	0.0725705414622475	0.0059490404109437
52	0.0416014302796079	0.6139120427994272	0.3396738143376389	0.0048127125833259
53	0.2267977249630853	0.7052853722220574	0.0641816941003263	0.0037352087145309
54	0.3654484670884921	0.3219760124614019	0.3027095453593694	0.0098659750907361
55	0.044355063518219	0.7257634981983577	0.2257845547695433	0.0040968835138793
56	0.3138775265452256	0.0346607471255092	0.6486560934698069	0.002805632859458
57	0.0763659286402083	0.5854643030139771	0.3355983980460463	0.0025713702997686
58	0.0122097142783779	0.7838545510796427	0.1896202031135109	0.0143155315284685
59	0.6204654421095642	0.0282469661180673	0.3430564859545893	0.0082311058177787
60	0.0434121360261484	0.1338442834196769	0.8038032458649716	0.0189403346892025
61	0.828757378985256	0.0819503180405587	0.085946885115544	0.0033454178586408
62	0.1873247543502414	0.3266907578108069	0.424520261483313	0.0614642263556384
63	0.0126809802873818	0.2601929372524462	0.6636468066206238	0.0634792758395483
64	0.1270956877376724	0.4371744026903544	0.4013937784818364	0.0343361310901367
65	0.0451949467337577	0.8217989097856264	0.1275246765870674	0.0054814668935484
66	0.2339587646233754	0.6637125641205333	0.0899206511436926	0.0124080201123987
67	0.011876588163389	0.8899627788616888	0.0973383861788974	0.0008222467960242
68	0.026834543108026	0.8063032413245176	0.1610806679740525	0.0057815475934033
69	0.4517193334903974	0.1861192380703524	0.3592935613854163	0.0028678670538337
70	0.1672641653587792	0.3780266550316337	0.424556341107308	0.0301528385022792
71	0.0409943286622037	0.8548157102678946	0.1004370294231078	0.0037529316467937
72	0.2431139996196777	0.2054803918548401	0.5344942686757497	0.0169113398497326
73	0.0594530588872289	0.5018665206849215	0.4345804117800053	0.0041000086478441
74	0.0127957014945658	0.8656546287930937	0.1196705503414579	0.0018791193708822
75	0.3195369905224071	0.5342146329109585	0.1100331991158377	0.0362151774507967
76	0.0169726499005351	0.6444966605362965	0.1385431244090059	0.1999875651541621
77	0.3092475614089866	0.2394800226834947	0.2961045686297509	0.1551678472777676
78	0.0152898084479232	0.6031849364702928	0.3763696876757681	0.0051555674060157
79	0.0078935825435767	0.0434149539867962	0.0265220115879439	0.9221694518816828
80	0.1941471990221036	0.7455988191961944	0.0554666732263373	0.0047873085553645
81	0.0242569334830188	0.6561644255784099	0.3098041014437062	0.0097745394948651
82	0.0160362349281228	0.8443396103476136	0.1367475351715908	0.0028766195526728
83	0.2458683928630627	0.4645680469915229	0.2747353163965487	0.0148282437488659
84	0.0047855419965544	0.851423360438735	0.1382899308494677	0.0055011667152427
85	0.0102989399188916	0.803585184113839	0.1846380610149884	0.001477814952281
86	0.0931093263918199	0.2999085984638153	0.591564032988596	0.0154180421557687
87	0.0133362603193168	0.5364701627994738	0.4222149896652074	0.0279785872160017
88	0.0044331809792078	0.0283829929537544	0.0171229703131451	0.9500608557538928
89	0.0134766193317098	0.7689273548005665	0.2090485886104499	0.0085474372572733
90	0.0048499761643864	0.8493720197829234	0.1403486063588455	0.0054293976938446
91	0.0076158456846585	0.8353009066926006	0.1526423570817415	0.0044408905409993
92	0.0426860626537251	0.2418007805619263	0.6833511653206733	0.0321619914636751
93	0.0145463843207007	0.628406219829578	0.350892905267761	0.0061544905819601
94	0.0084787165022827	0.7797465963772514	0.2046393085711352	0.0071353785493304
95	0.8088140851701752	0.0227155276146989	0.1120718482677784	0.0563985389473474
96	0.0078323283149515	0.8605213003485532	0.1300599108704072	0.0015864604660878
97	0.1018601044639549	0.1367664430000287	0.754616619100005	0.0067568334360112
98	0.0064412887321588	0.8590000425053756	0.1288542551058748	0.0057044136565905
99	0.009998828821599	0.7852582824122935	0.2006355626669521	0.0041073260991556
100	0.1632082323424968	0.1584501023619961	0.6523731118332224	0.0259685534622843
101	0.0219704911086252	0.8537370906531877	0.1207217456555767	0.0035706725826108
102	0.0154886229508854	0.5064391658385458	0.4731588564256548	0.0049133547849139
103	0.3443599379908876	0.3690051541943569	0.2697474754425504	0.016887432372205
104	0.0684500945941811	0.0996982044132737	0.6272409014643273	0.2046107995282177
105	0.0126816560458399	0.7911539351880797	0.1907165844449908	0.0054478243210898
106	0.0163471579063219	0.8322271286367405	0.1444352185751868	0.0069904948817506
107	0.0093446679715531	0.7938016545120132	0.1950233972432387	0.0018302802731948
108	0.0216166151191595	0.3096213598595582	0.5632087791738115	0.1055532458474707
109	0.1323499562518516	0.4553635464733687	0.326425517469043	0.0858609798057367
110	0.0767078660898673	0.0866688749530395	0.6801231034511386	0.1565001555059549
111	0.1103145632222614	0.3970222748208372	0.2407700287592886	0.251893133197613
112	0.0119021651231296	0.7534074082478486	0.2256462273228034	0.0090441993062183
113	0.0028916296553588	0.8944577735716924	0.0999165816255059	0.0027340151474427
114	0.0569128063488639	0.1078006230195719	0.8188058835206952	0.0164806871108689
115	0.0010105397819209	0.9525425092974136	0.044751986406349	0.0016949645143161
116	0.059182936825923	0.424319053315264	0.4768410215021129	0.0396569883566997
117	0.1280804655275493	0.2147182154779105	0.3370971389005178	0.3201041800940228
118	0.0131672731723746	0.8399584116119357	0.123021319994279	0.0238529952214103
119	0.009650992750508	0.7585511875938954	0.2189220465418367	0.0128757731137601
120	0.0038986948458453	0.9168910619065952	0.0774607614518208	0.001749481795739
121	0.0092763372369601	0.8045203337181107	0.1788671132465588	0.0073362157983703
122	0.2394121838864125	0.3874621445324235	0.3569969728173203	0.0161286987638437
123	0.0266400611582117	0.0303195768324319	0.2379898761037985	0.7050504859055581
124	0.0183011748734169	0.0575596507288607	0.8750814982297526	0.0490576761679696
125	0.1625136999804763	0.610792695626135	0.1997360483891699	0.0269575560042183
126	0.0253700954165892	0.1369679588138465	0.7831946711421285	0.0544672746274357
127	0.0840141181151711	0.3213722249009627	0.561839371521539	0.0327742854623271
