label_id	archetype 1	archetype 2	archetype 3	archetype 4
1	0.7049542670702493	0.0527200878795464	0.2224804007792508	0.0198452442709529
2	0.5206300769121837	0.18609954240447	0.2584095669071292	0.0348608137762172
3	0.7238705338101716	0.0820869082960426	0.1780533261578351	0.0159892317359505
4	0.1286497103728872	0.4258549213349219	0.1978992444737125	0.2475961238184784
5	0.7564868201038578	0.0770631585626542	0.1440576259345096	0.0223923953989781
6	0.3907886506362702	0.3072868660870812	0.2169601317327562	0.0849643515438922
7	0.3683006192983866	0.307345310448287	0.3000911210356968	0.0242629492176293
8	0.6819273165864379	0.046527039988769	0.1452193929809069	0.1263262504438861
9	0.5390304709556837	0.2899566697356665	0.1542805608329542	0.0167322984756956
10	0.7270084651310893	0.0761828002967031	0.1080557749622874	0.0887529596099198
11	0.2981469910962093	0.3797779941233024	0.2697311642349597	0.0523438505455284
12	0.5128306496858029	0.1984562528833642	0.2782927753798508	0.0104203220509817
13	0.4406381287561514	0.4407634097238482	0.1045399299556043	0.0140585315643958
14	0.0688330342693354	0.2418503057739937	0.419958666414404	0.2693579935422667
15	0.6123984144885455	0.1705936741872876	0.1635543268498797	0.0534535844742867
16	0.1935383750036477	0.5802267391060381	0.2024184172317843	0.0238164686585295
17	0.0234781730943191	0.4650761899907444	0.1928613949915889	0.3185842419233475
18	0.48110187897837	0.0138709311559706	0.3643469505557519	0.1406802393099072
19	0.0563845943215242	0.5343556791497214	0.225430838916314	0.1838288876124401
20	0.0466461540716063	0.7603068601623681	0.17315771441427802	0.0198892713517478
21	0.8040600177167736	0.0644434737174242	0.0775363291714624	0.0539601793943397
22	0.0929523836727947	0.3602918508870154	0.3075437986142439	0.2392119668259461
23	0.4458013549954922	0.2671451410578005	0.2088452960104995	0.0782082079362078
24	0.7167505577806422	0.1659633445778144	0.1096367790326203	0.0076493186089228
25	0.7352694330776514	0.1487953873301042	0.0938264809199896	0.0221086986722548
26	0.0502966547654153	0.7966595992547792	0.1352776722106879	0.0177660737691174
27	0.6494721035154599	0.0792830319696385	0.2301458326157678	0.0410990318991337
28	0.4375050213362752	0.2715192282868923	0.1582871929133077	0.1326885574635247
29	0.2429110031219941	0.3836713238095053	0.302724891741772	0.0706927813267283
30	0.8321498949128621	0.0608192739249413	0.0918434201555188	0.0151874110066775
31	0.0583720110301713	0.5971615597130958	0.2835316810231809	0.0609347482335519
32	0.5851186345481233	0.2743118112756281	0.1325337874504339	0.0080357667258144
33	0.6387893192973624	0.2245947947605093	0.1257647045331178	0.0108511814090107
34	0.5271153392681047	0.151671335764648	0.1995360517373977	0.1216772732298494
35	0.006211778422720999	0.7636628993832453	0.1949094805982807	0.0352158415957534
36	0.8087677763871881	0.0585797454634588	0.1005980309802575	0.0320544471690954
37	0.7232568482575359	0.0982377163966699	0.1647827657179525	0.0137226696278416
38	0.0908459139053601	0.6679835683541848	0.1429725604863594	0.0981979572540956
39	0.9727259948322908	0.0069933488474998	0.0192097135112112	0.0010709428089981
40	0.028997234689905	0.4244812906458527	0.2144741882903255	0.3320472863739165
41	0.5344043169851053	0.10783118248409401	0.1615520598637665	0.1962124406670342
42	0.895558085184419	0.018540593918304	0.0594931647388257	0.026408156158451
43	0.8696328162459218	0.0609118139562687	0.0681215209854283	0.001333848812381
44	0.1157325566907436	0.6208829923921291	0.1598313751815405	0.1035530757355863
45	0.0708827067766839	0.6422680592683832	0.129573111767422	0.1572761221875106
46	0.5208147722982926	0.2922652582854131	0.1703105598026458	0.0166094096136484
47	0.0192249990387826	0.4158918034660728	0.3104211913596522	0.2544620061354922
48	0.2918198039073394	0.5755386546944944	0.1105452356964273	0.0220963057017388
49	0.0070629470110816	0.2754935564831344	0.1710381502375458	0.5464053462682381
50	0.4738141667704897	0.2171928410600463	0.1554043166739962	0.1535886754954674
51	0.0898709223480481	0.1504933804959953	0.2469268061992952	0.5127088909566611
52	0.4172460267279524	0.0719295029581459	0.2506406778594289	0.2601837924544724
53	0.5476842515110026	0.2041075828348682	0.1631147907856937	0.0850933748684353
54	0.0053224733795399	0.7699429845958896	0.1155974018651894	0.10913714015938099
55	0.0184563972384333	0.8280997723599839	0.1232564192162487	0.0301874111853337
56	0.8295099651819492	0.0524724379586663	0.09326019191726599	0.0247574049421182
57	0.011234297561773998	0.8947404736321727	0.0605659535762375	0.0334592752298158
58	0.6487699568489956	0.1595984992289166	0.1376747548279074	0.0539567890941802
59	0.8800073845128981	0.0300802713406559	0.0804925590677809	0.009419785078665
60	0.0360523732662561	0.3366780226425927	0.2758412013645993	0.3514284027265515
61	0.0819502634794512	0.6239854486702313	0.2636946008617619	0.0303696869885557
62	0.0590954300279167	0.6471888194923289	0.2275844699057205	0.0661312805740339
63	0.971034996203727	0.0065063534255103	0.021543939164845004	0.0009147112059179
64	0.2128085898913893	0.6146898134448938	0.127500467053375	0.0450011296103422
65	0.8961666857616835	0.0086021380464127	0.0716960063649613	0.0235351698269424
66	0.5893162257312492	0.2287845409741302	0.171899489158412	0.0099997441362083
67	0.8101525007504109	0.1334634000075615	0.0495164572080063	0.0068676420340213
68	0.0149245733063693	0.2485161305694533	0.2170459451613937	0.5195133509627835
69	0.6874481726383468	0.0469074456235219	0.2020274016488708	0.0636169800892603
70	0.2683771881146378	0.5286336065114844	0.1165465136151512	0.0864426917587268
71	0.2591144836887881	0.0866905681986241	0.164335707767259	0.4898592403453286
72	0.5052016855525601	0.3636502366061725	0.11289791189536098	0.0182501659459064
73	0.0646979625166006	0.4369711170706035	0.3491109908692836	0.1492199295435123
74	0.0525314229536719	0.8523217768253399	0.0765873911887738	0.0185594090322143
75	0.1511439754880069	0.2134396124296968	0.1858355496432868	0.4495808624390092
76	0.4953009962300538	0.3461096151240095	0.1389223839391034	0.0196670047068329
77	0.6252872075381616	0.1562760945283546	0.1719568368818383	0.0464798610516457
78	0.0479652834027299	0.6862058233473413	0.1027553759275838	0.163073517322345
79	0.4370493502650235	0.3734213379907676	0.1499922450796766	0.0395370666645321
80	0.0170857953905111	0.6925437100321593	0.0870292496035024	0.203341244973827
81	0.0261076840025491	0.3189836609123537	0.2226276323813158	0.4322810227037812
82	0.0074427262756379	0.6868490604860407	0.1414476615760353	0.1642605516622857
83	0.0147391734860864	0.6797438656192956	0.1283369531262807	0.1771800077683377
84	0.0323037814201395	0.8879808932145952	0.0590917976857807	0.0206235276794845
85	0.5986301392969426	0.264989270392775	0.1101086685977673	0.0262719217125149
86	0.0077740049938391	0.5487826777018672	0.1632485080818772	0.2801948092224163
87	0.0302832547223195	0.790980046511413	0.1313662952133976	0.0473704035528698
88	0.0437641439888233	0.8097219559902096	0.1037396297964619	0.0427742702245052
89	0.0783688210513887	0.6471935923806612	0.1733234183003852	0.1011141682675647
90	0.8135334572186754	0.0573033123667232	0.1059861365377366	0.0231770938768649
91	0.1275224927278669	0.6267377847983732	0.204854119303202	0.0408856031705579
92	0.1443325814276414	0.2772626132328441	0.3006948779946884	0.2777099273448264
93	0.0330334342889947	0.7652990313216342	0.1644098024326696	0.0372577319567014
94	0.3499101764097461	0.1665713070197891	0.1799143877150264	0.3036041288554384
95	0.0444623650564166	0.1741853343308989	0.3133207899431042	0.4680315106695802
96	0.0216903543604315	0.7916541017075011	0.1617234132066568	0.0249321307254106
97	0.0342411912489104	0.4822570699033566	0.2069724660916595	0.2765292727560737
98	0.0560503124387358	0.1223775678351501	0.2195421774320181	0.6020299422940959
99	0.0984056857773168	0.6025554397452657	0.1712158675036808	0.1278230069737365
100	0.0743299768314084	0.2830431780138204	0.2778001652492861	0.3648266799054849
101	0.2122792344573816	0.4004002914893764	0.3096194844653308	0.0777009895879108
102	0.0940352916361197	0.3512451057679279	0.2961864419752867	0.2585331606206655
103	0.0540382286875351	0.040905356472001005	0.2489407869484329	0.6561156278920308
