label_id	archetype 1	archetype 2	archetype 3	archetype 4
1	0.3574115319137437	0.525778940962299	0.1049092362199471	0.0119002909040103
2	0.9696525418998864	0.0102362599344515	0.0197498182527036	0.0003613799129581
3	0.9774365150665284	0.0043248688293572	0.0132026733079081	0.0050359427962062
4	0.9623251499263256	0.012720580507527	0.0234097338711392	0.0015445356950085
5	0.1571236357016683	0.0658167085592752	0.7725478434992202	0.0045118122398361
6	0.7597917074484279	0.0831704242660195	0.1500618947181552	0.0069759735673971
7	0.5039166309036465	0.2815521386971937	0.2120824220353703	0.0024488083637898
8	0.5055670378241329	0.2118614971221366	0.271538359986191	0.0110331050675396
9	0.3389218074990253	0.2699191253141581	0.3804137512174574	0.0107453159693592
10	0.5038399479336779	0.0815122230029667	0.4100672378412348	0.0045805912221203
11	0.9264140419182184	0.0171383590838757	0.0552177871528411	0.0012298118450643
12	0.9770548417868119	0.0015923795863351	0.0207009011351818	0.0006518774916711
13	0.1490600300457434	0.4998407700302852	0.3446714595719544	0.006427740352016999
14	0.7441616245244778	0.0996803003961029	0.1546040393108758	0.0015540357685435
15	0.9129153177565714	0.0491843510047293	0.0356454750711245	0.0022548561675747
16	0.0374908785913556	0.5669805335301902	0.3939106795410776	0.0016179083373763
17	0.5165280007726569	0.2163508937667992	0.2355415002057624	0.0315796052547815
18	0.976840422506793	0.0027292670218233	0.0201916671606773	0.0002386433107062
19	0.2953023739876512	0.0823108768517732	0.6203072747136926	0.0020794744468826
20	0.1116424099161659	0.5550078542693677	0.3303451577278444	0.0030045780866219
21	0.6447437313170428	0.0296466370846689	0.2490620393417993	0.0765475922564888
22	0.9849559948243579	0.0002543762665024	0.0139965592866431	0.0007930696224961
23	0.0165504209014573	0.6661273593845164	0.3155187885672331	0.001803431146793
24	0.5469232807845641	0.1749068285288889	0.1659090860270834	0.1122608046594634
25	0.9588302962241622	0.0038641520164753	0.035087470115842005	0.0022180816435208
26	0.0171188056266279	0.4905195717108886	0.4900685213278762	0.0022931013346068
27	0.015400586424276	0.8154367196408929	0.0451372725265149	0.1240254214083162
28	0.0059577487790626	0.6271711279539124	0.3596308352488255	0.0072402880181995
29	0.8620696210334264	0.0306200398054597	0.0917337660120401	0.0155765731490736
30	0.8591361386394485	0.0931704783712998	0.0329791629733015	0.0147142200159501
31	0.6345730436324812	0.1816741020408144	0.1774115321234457	0.0063413222032586
32	0.8567937930864051	0.0663598117649326	0.0727289539202174	0.0041174412284447
33	0.7192367579135719	0.0710605520556598	0.2025273168808562	0.0071753731499121
34	0.0470306420921469	0.0454337201549546	0.9042758891571936	0.003259748595705
35	0.0062244185730109996	0.9225487041942604	0.0580427820011445	0.0131840952315839
36	0.3731472175484006	0.0331253753110291	0.5921282377718556	0.0015991693687144
37	0.8903642296606932	0.0028086976383386	0.1062008912890953	0.0006261814118728
38	0.2912584515961749	0.2190419110995383	0.4551952774719487	0.0345043598323379
39	0.9008844727173246	0.0410418386092064	0.0548623855381371	0.0032113031353315
40	0.0181880098692243	0.1014190880080409	0.1059148345852264	0.7744780675375087
41	0.6667613700270968	0.2038631951202172	0.1262189868780004	0.0031564479746853
42	0.9240941824416422	0.0472611972293396	0.0242028943927249	0.0044417259362928
43	0.9198210252238652	0.0118164597264979	0.0610140195426752	0.0073484955069617
44	0.8305412250887132	0.0158178761412468	0.1427297590132974	0.0109111397567424
45	0.0655887455550766	0.6215315936689345	0.3101838883213188	0.0026957724546702
46	0.8131847911486477	0.11060032741116099	0.0718745146010156	0.0043403668391752
47	0.9879805050732462	0.0028780387150104	0.0086306279502881	0.0005108282614549
48	0.41188111116073994	0.2225959318054186	0.3553964155587709	0.0101265414750704
49	0.8886629183605396	0.0253224018774482	0.0786090401776555	0.0074056395843564
50	0.2525461054250996	0.5545656518342109	0.1610692927357947	0.0318189500048944
51	0.8543627591831779	0.0386586595593993	0.0815572690638609	0.0254213121935616
52	0.958862665594768	0.0042582300929940005	0.0349130323061104	0.0019660720061272
53	0.5194540603461274	0.1338497429071138	0.3436036536255454	0.0030925431212135
54	0.9587713169961852	0.0110797995436138	0.0260327263305524	0.0041161571296481
55	0.9406293635683184	0.015196743306689	0.0423045930643608	0.0018693000606313
56	0.0818220583389283	0.1383904906762335	0.0750150507216566	0.7047724002631814
57	0.8804695551318243	0.0219622468753945	0.0902275903017892	0.0073406076909918
58	0.0462672991217959	0.1421364015229423	0.7674548477024344	0.0441414516528275
59	0.7809933334669528	0.0468240903539303	0.1677533006907893	0.0044292754883275
60	0.0102864308641824	0.6764901115766505	0.2985916792815408	0.0146317782776262
61	0.7338998513058739	0.0446136992131787	0.1673844637606599	0.0541019857202873
62	0.0176687587417832	0.5232149322854568	0.2568013225474377	0.2023149864253221
63	0.0960355568230116	0.4939440957552838	0.3964326066897443	0.0135877407319601
64	0.0037788632273206	0.7501318534970739	0.2419530801340091	0.0041362031415962
65	0.9780204838672539	0.0071557855277671	0.0144396864596312	0.0003840441453477
66	0.0040435272521855	0.4492376222883164	0.5252824548484956	0.0214363956110024
67	0.1513898978656953	0.5338196868278599	0.2803241228957617	0.034466292410683
68	0.910231147996437	0.034818890172172996	0.0529264217741589	0.0020235400572307
69	0.3486374196978884	0.0774458439949475	0.5548129538261352	0.0191037824810289
70	0.0442214965503961	0.4739093455236037	0.47342968241700395	0.0084394755089958
71	0.38581566294939706	0.3642158283411743	0.2381226240389617	0.0118458846704668
72	0.2914340202221944	0.0498865605937979	0.2360597666958229	0.4226196524881845
73	0.032877079114261	0.6263552847829408	0.3115851641981626	0.0291824719046355
74	0.6646359416529354	0.3141311486405638	0.0151037776522878	0.0061291320542131
75	0.33699855092539305	0.5206361176386539	0.1270549180929577	0.015310413342995
76	0.7179138795280067	0.0492801687125161	0.2294970727473417	0.0033088790121352
77	0.0478671747679769	0.445067727596044	0.3155073220225376	0.1915577756134415
78	0.0239749668827001	0.8999900937072828	0.0698368994842841	0.0061980399257329
79	0.0258929713721461	0.7009918661187474	0.2560991636975939	0.0170159988115126
80	0.2027899942739139	0.5174373811234189	0.2647158952111607	0.0150567293915065
81	0.0321227061646178	0.8539709401025699	0.0722335842209296	0.0416727695118821
82	0.0414184609162694	0.8940340799824937	0.0620637887850435	0.0024836703161932
83	0.0557338797210879	0.711471749264998	0.2016682228739457	0.0311261481399682
84	0.4624617482368117	0.3767201007650496	0.1391924558994401	0.0216256950986987
85	0.0778110944015079	0.726469676510479	0.10231874342398	0.0934004856640333
86	0.0345782684928846	0.7972612004764205	0.136887810987536	0.0312727200431589
87	0.1195046180634466	0.7336752655753312	0.1395033890236687	0.0073167273375531
88	0.7919229485092192	0.0220599453825221	0.1291604804565006	0.0568566256517581
89	0.0156647586741651	0.3459076709275198	0.2791913675008404	0.3592362028974745
90	0.0035926299023593	0.9052958008841246	0.08914280419969801	0.0019687650138179
