label_id	archetype 1	archetype 2	archetype 3	archetype 4
1	0.0071726947317319	0.7760350297206362	0.1870689834979531	0.0297232920496786
2	0.0130911141111501	0.8149755277251031	0.1684968125360557	0.003436545627691
3	0.0027661059877804	0.8454138564390022	0.1489666195317119	0.0028534180415051
4	0.0419464675659703	0.8580707753803037	0.08549117572058999	0.0144915813331358
5	0.0099696395759741	0.8057095253572123	0.1797503341274121	0.0045705009394016
6	0.0072101737057952	0.8587115288524286	0.1159638319302147	0.0181144655115616
7	0.0037113805313137	0.8941843180936958	0.0966270078726798	0.0054772935023106
8	0.2721013119122816	0.4968417474773803	0.2253684615334086	0.0056884790769292
9	0.0198221362765705	0.7001947213624411	0.2685406328579724	0.0114425095030158
10	0.011674975606536998	0.5395183997483552	0.1503640838412601	0.2984425408038474
11	0.0021661438760067	0.8740529371512268	0.1184744021023772	0.0053065168703889
12	0.0667032917162534	0.6872466065962675	0.2247522268453971	0.0212978748420817
13	0.0127556826459495	0.8243727670009459	0.1513098999802076	0.011561650372897
14	0.1240766337392895	0.5587541088927368	0.3144321113421358	0.0027371460258376
15	0.0109757373868575	0.8002222965885413	0.1854924022077095	0.0033095638168915
16	0.0104886818680879	0.8369210598480918	0.1446079711709163	0.0079822871129042
17	0.0029730173713327	0.8269829075201189	0.1423718827142731	0.0276721923942753
18	0.0149190328935155	0.6110738635812968	0.1714709225594279	0.2025361809657596
19	0.0179659687208118	0.5591631212985892	0.3861013016202464	0.0367696083603526
20	0.0072117534777315	0.861283405888658	0.1244686501229635	0.0070361905106468
21	0.3625710236907571	0.4901352614600877	0.1389276952335257	0.0083660196156293
22	0.0481085769221055	0.1996071957490905	0.4257799583562545	0.3265042689725491
23	0.0720224269460878	0.5815024890986434	0.3351815490857356	0.0112935348695328
24	0.0032872571043427	0.8337539210576221	0.1363514497560521	0.0266073720819832
25	0.1903133460673709	0.489583010981697	0.3149916795173378	0.0051119634335943
26	0.0996050953855732	0.6500032918033462	0.2429870623050988	0.0074045505059818
27	0.0101398003646852	0.7746487568625998	0.2103218933917697	0.0048895493809452
28	0.16925933118499403	0.4615401177921442	0.3530620092511089	0.0161385417717525
29	0.0124240002721679	0.623872509095818	0.3478414107729853	0.0158620798590286
30	0.0184534345112245	0.7600838354329914	0.2083798509387026	0.0130828791170814
31	0.0329395185595181	0.3491168566343817	0.5861778746417271	0.0317657501643732
32	0.6707936227282713	0.1111628410140748	0.1991617691880536	0.0188817670696004
33	0.9129204217425959	0.0271865918367552	0.0513975980871383	0.0084953883335106
34	0.026869140086002	0.030220345705686998	0.0903532510359456	0.8525572631723655
35	0.5181978142395033	0.1879014452832078	0.2854055393004966	0.0084952011767919
36	0.0067761181830578	0.8810447670554685	0.1081866037851202	0.0039925109763533
37	0.0064803001605336	0.7820124023062069	0.2090221529856426	0.0024851445476167
38	0.9314526292803648	0.0288426774872239	0.0386163726724865	0.0010883205599248
39	0.0071250068269752	0.825239905809422	0.1614441898659334	0.0061908974976693
40	0.0158053109560557	0.7876536214324803	0.1643249246613456	0.0322161429501182
41	0.5191282203964791	0.029445287025473003	0.1014707787578824	0.3499557138201651
42	0.009060345870859002	0.123137395454295	0.1356936085773109	0.7321086500975351
43	0.8400234465145909	0.0092666976722641	0.1351633439422919	0.0155465118708527
44	0.3399205548182706	0.2979418490363298	0.2626972052018366	0.0994403909435627
45	0.0297935735144435	0.8106737161976829	0.15227606224627	0.0072566480416032
46	0.564611464128353	0.1136914379937566	0.3133056583733232	0.0083914395045669
47	0.92654952844773	0.0143565541354844	0.0461513693542047	0.0129425480625809
48	0.9000812519004898	0.0217512724309126	0.0635543453799124	0.014613130288685
49	0.6014391268594141	0.0436465289587417	0.3387622910971936	0.0161520530846503
50	0.0542729484174229	0.0125922952273596	0.0476113164308198	0.8855234399243974
51	0.8181059427509954	0.047077648338272	0.124567713201112	0.0102486957096205
52	0.8814422728443913	0.0077200348128628	0.1083396498418999	0.0024980425008458
53	0.0740283657051082	0.2970626299066135	0.614178038493645	0.0147309658946328
54	0.3330581711768631	0.3490075499802657	0.2728450353041385	0.0450892435387324
55	0.8363877929300988	0.0109077145407847	0.1380347555137467	0.0146697370153699
56	0.2907114130902646	0.1324045526785614	0.4312010070003361	0.1456830272308381
57	0.0591036954947984	0.6441322889961907	0.2832404724505296	0.0135235430584809
58	0.0329760047311557	0.6014550085931912	0.3471527569291381	0.0184162297465147
59	0.5751106773074727	0.1486715529805562	0.1935486068341132	0.0826691628778577
60	0.032661121258338	0.3822484157522791	0.565641633161583	0.0194488298277999
61	0.4434459293807105	0.2518063015865965	0.2963073938786014	0.0084403751540915
62	0.1343456123725624	0.2447136405904151	0.5788283326915032	0.0421124143455191
63	0.6845545028350156	0.0614301217907991	0.1855069303047067	0.0685084450694785
64	0.1390314337488678	0.1016873292768724	0.1218071304129748	0.637474106561285
65	0.0069207173849704	0.0153387560081747	0.0438906786063535	0.9338498480005012
66	0.5441560572592953	0.3410459448818278	0.09518910809240401	0.0196088897664726
67	0.0035999079697678	0.901390918265575	0.0922616506063665	0.0027475231582904
68	0.185651673183633	0.3986463135169161	0.394232251274125	0.021469762025326
69	0.0044932431047754	0.8668703879758741	0.1256145483723467	0.0030218205470036
70	0.04909566101802	0.0475675165137037	0.8904736391714833	0.0128631832967931
71	0.3257483166517151	0.1056598576928618	0.1306178148398555	0.4379740108155676
72	0.7600736841204941	0.0840165383396643	0.1438877796896341	0.0120219978502072
73	0.7139543138355781	0.1471151063995861	0.1175510557682365	0.0213795239965992
74	0.7406445178669746	0.0601488373018586	0.1923585250847378	0.006848119746428999
75	0.5938229514132614	0.1531600621093364	0.2435393418346021	0.0094776446427997
76	0.0091513483161536	0.5993888769931697	0.3557040952319995	0.0357556794586774
77	0.9011207073145217	0.0159938559145403	0.081394051775004	0.0014913849959339
78	0.6249876686379741	0.0667949348731719	0.2759070901053648	0.032310306383488994
79	0.1974162255067556	0.2049989930506122	0.5729645704590782	0.0246202109835535
80	0.4656545337119828	0.0694134613161406	0.4381276049692373	0.0268044000026393
81	0.0595239203832352	0.0536691816505077	0.1258559628231254	0.7609509351431317
82	0.0001065863223564	0.0020012202131431	0.0008682343156	0.9970239591489004
83	0.0377174991055008	0.3066364126244279	0.6073937782122686	0.0482523100578026
84	0.1703541811681389	0.3608856345596284	0.4365744894783276	0.0321856947939051
85	0.1580801441398088	0.1844454187204846	0.5525024287566594	0.1049720083830468
86	0.2489478873708434	0.0919959126119458	0.5849754110068753	0.0740807890103349
87	0.0143390401513046	0.2927145542289423	0.4527082099497344	0.2402381956700187
88	0.4251598346887505	0.1992928691043539	0.3681175390217361	0.0074297571851594
89	0.30898362338895197	0.1319797915818502	0.5138906391770213	0.0451459458521762
90	0.1857560360564652	0.0573541907480591	0.3799709838390185	0.3769187893564572
91	0.319624908671159	0.5154157177373107	0.1597353322717392	0.0052240413197908
92	0.0966474865553419	0.7594422448683484	0.1141066972046885	0.0298035713716208
93	0.5761970571282309	0.0571530021761055	0.3592088874936541	0.0074410532020092
94	0.20531677830866396	0.20902391433228798	0.5787676532658212	0.0068916540932264
95	0.1595731120023176	0.0883629667969544	0.6354771186827567	0.1165868025179712
96	0.2529521914616418	0.2024250953008703	0.4897949892946276	0.0548277239428601
97	0.5102722007541287	0.1592070947589517	0.3103855353286276	0.0201351691582921
98	0.039740457031374	0.4846347781699335	0.4361345524639505	0.0394902123347418
99	0.0115323106125335	0.3431817426265332	0.627395155685527	0.0178907910754062
100	0.1499626727477665	0.316602194383755	0.4737273846695857	0.0597077481988926
101	0.1836622019177529	0.7021529991405235	0.0524537342480698	0.0617310646936537
102	0.0053389237902829	0.2186047467911919	0.3225902935497611	0.4534660358687639
103	0.781952623298538	0.138290817445504	0.0765190827161838	0.0032374765397741
104	0.3179569875566941	0.3011257529244667	0.3730292096181331	0.0078880499007062
105	0.0325019907815164	0.3528739534744962	0.5423756053138857	0.0722484504301013
106	0.0207376249667507	0.7743396845099354	0.1927380041250695	0.0121846863982443
107	0.0202651155940002	0.6412642226665055	0.2645374506599404	0.0739332110795537
108	0.1293453609902942	0.4352535281997287	0.4060612318801367	0.0293398789298401
109	0.2187648762860724	0.3007032920066011	0.4651918660311245	0.0153399656762017
