label_id	archetype 1	archetype 2	archetype 3	archetype 4
1	0.0022912013363426	0.6529660057340323	0.1034039960393561	0.2413387968902692
2	0.3137417366150882	0.2545432258482944	0.2381956299937261	0.19351940754289101
3	0.0079815477050036	0.8566098315369195	0.0809210658392387	0.0544875549188382
4	0.0072807909973666	0.6524596918924525	0.3136315778727385	0.0266279392374425
5	0.2716523664838017	0.1645045355711825	0.5246883494904838	0.0391547484545319
6	0.4024164586210357	0.4817228334321481	0.1049114897095009	0.010949218237315
7	0.2342045841939436	0.3693105656109989	0.380059143074668	0.0164257071203897
8	0.011404975516978999	0.5081903824331265	0.2926773682304669	0.1877272738194274
9	0.6639548469977959	0.1266376869343312	0.1472690250924164	0.0621384409754562
10	0.3057754352030271	0.2706397012233206	0.2430747679480527	0.1805100956255995
11	0.0047513159572313	0.5920638231254741	0.2972328780213536	0.1059519828959409
12	0.0078760571608178	0.7452096531205976	0.1756492561912989	0.0712650335272853
13	0.5208149268391252	0.2490668345503672	0.1545102491606223	0.0756079894498853
14	0.051450614300294004	0.2426450722048836	0.2942753894495801	0.4116289240452422
15	0.8767802361517576	0.0257835111496883	0.0950075105232069	0.0024287421753469
16	0.0285258594911461	0.3595298263492361	0.4333220526106562	0.1786222615489617
17	0.0557763581814729	0.7737325409789704	0.128555809772119	0.0419352910674374
18	0.8951284010749735	0.0224530202781309	0.0724510114450255	0.0099675672018703
19	0.5990024003411487	0.1729282029278304	0.1958646890201097	0.032204707710910996
20	0.6597659870861508	0.2152433638370661	0.1172523252958708	0.0077383237809122
21	0.0416167012819403	0.146044320319004	0.8021827017476026	0.0101562766514528
22	0.82646796419751	0.0935097854368275	0.0696204110856137	0.0104018392800485
23	0.1297034042893952	0.7309990619609578	0.0827541015557514	0.0565434321938954
24	0.0274723484442596	0.3507978500784788	0.1414075107753916	0.4803222907018697
25	0.0982934164207441	0.4594928017390196	0.3310330025508445	0.11118077928939199
26	0.3230038186080582	0.3469118335216888	0.2395372920749893	0.0905470557952637
27	0.0292405271363515	0.7721925563718492	0.1646392217506308	0.0339276947411682
28	0.9723324556324376	0.004921768447201	0.0209035273848407	0.0018422485355203
29	0.8155078108426206	0.0398613612704905	0.10982637293755	0.0348044549493389
30	0.7258733950073794	0.1827235290326671	0.0794992246055954	0.0119038513543582
31	0.7385985696587389	0.1694774031665806	0.0791244204362591	0.0127996067384213
32	0.1419495506794051	0.2275532475890331	0.2906067828798997	0.3398904188516617
33	0.1145632365251424	0.4056594397007463	0.1699358672566017	0.3098414565175096
34	0.8620167611732256	0.0283481297177855	0.0762270613543911	0.0334080477545978
35	0.0072775783288131	0.7155535669838515	0.1797281661135585	0.0974406885737768
36	0.4635967822031266	0.3533429835578235	0.1257676222173733	0.0572926120216762
37	0.2266128322505741	0.4030928050484735	0.2118706296557596	0.1584237330451928
38	0.3266734379586459	0.2193155307461954	0.1564082864138358	0.2976027448813231
39	0.2914995612971623	0.3087838649786915	0.3156060443483465	0.0841105293758
40	0.6931889797522177	0.119886201440336	0.174566599882769	0.0123582189246772
41	0.9599407501128866	0.0062593406517345	0.0322807164895473	0.0015191927458316
42	0.9336004787694044	0.0100430992296433	0.0536884387142478	0.0026679832867043
43	0.4042680574574868	0.1696593477182813	0.2084233871979748	0.2176492076262568
44	0.8064133328912587	0.086996327533905	0.0864381282514337	0.0201522113234024
45	0.3990366013300485	0.3609432834350879	0.2205492012648743	0.0194709139699891
46	0.0733680247148313	0.6771609527615406	0.1643793284630297	0.0850916940605983
47	0.8216721054630656	0.0598153146447252	0.1130295880975796	0.0054829917946294
48	0.8999828066236949	0.025487367528434	0.0610666150170074	0.013463210830863999
49	0.690866587072342	0.1717016759553068	0.1316543872074283	0.0057773497649226
50	0.015342699560421998	0.4234976079875923	0.2573992813966601	0.3037604110553257
51	0.6359859968372467	0.1361655559457553	0.1591245911704611	0.0687238560465369
52	0.2307235052447467	0.4236871367464014	0.2120508022587703	0.1335385557500813
53	0.539323025207128	0.1564818953745254	0.2697423979183602	0.0344526814999865
54	0.0382400815529895	0.054238420211340996	0.1728368197543869	0.7346846784812824
55	0.6758248927274871	0.2292956293304683	0.0844053886219965	0.0104740893200475
56	0.2990882493638725	0.5061670293127658	0.1729070214832301	0.0218376998401315
57	0.6476154008937955	0.19933562335831698	0.1350605983685546	0.0179883773793325
58	0.7538018291725396	0.1268523578111122	0.0926059757349243	0.0267398372814237
59	0.0265271260139409	0.1701041127341371	0.11992968121172098	0.6834390800402012
60	0.3042970089688551	0.5154317483594196	0.1581464857029826	0.0221247569687425
61	0.0610896216046222	0.5910986123854791	0.2995483572384875	0.0482634087714115
62	0.0252360587567834	0.7197069457343376	0.1722917003507984	0.0827652951580806
63	0.1439451969608283	0.2186248365597209	0.15077316063337498	0.4866568058460755
64	0.0900254708462474	0.2559899781673555	0.3489191290865321	0.3050654218998649
65	0.4048061104366026	0.1854258858036644	0.2015436989792278	0.2082243047805051
66	0.1931445578140453	0.3686037524323679	0.2420184831408366	0.1962332066127501
67	0.0494398656109782	0.1407649078207604	0.4530578174131509	0.3567374091551106
68	0.138952285382171	0.6985485037723711	0.1188024613179238	0.0436967495275342
69	0.331803311307383	0.3854363469753752	0.2392098153272372	0.0435505263900045
70	0.0207098057075845	0.5612042511451484	0.2089556126549095	0.2091303304923578
71	0.1769819814590704	0.3571166323363018	0.2324776770219398	0.2334237091826883
72	0.0095150505364843	0.2766693727390951	0.256445711288679	0.4573698654357412
73	0.1055189290902362	0.4486611346871326	0.1989984829235065	0.2468214532991245
74	0.0341018323620524	0.2770540321773433	0.3233647671587151	0.365479368301889
75	0.1406313518268347	0.48630661625422905	0.240443534470591	0.1326184974483452
76	0.024914989901959998	0.5954851070202412	0.2371192923210755	0.1424806107567234
