label_id	archetype 1	archetype 2	archetype 3	archetype 4
1	0.5156951582847797	0.1090002895903427	0.3685108155519042	0.0067937365729732
2	0.6244886400229132	0.0234816465169723	0.3097979050228225	0.0422318084372919
3	0.94291748179489	0.0235398922150469	0.0307163773924878	0.0028262485975751
4	0.5273354703168005	0.3393086867401913	0.1065386194688012	0.0268172234742072
5	0.9065766937561306	0.0169321347540316	0.0518266262296768	0.0246645452601605
6	0.9919617225190546	0.0016874046455504	0.0044127562265763	0.0019381166088186
7	0.0696762543044603	0.1330482323810652	0.7679086602752936	0.0293668530391808
8	0.5243640463244535	0.1063502743843547	0.3380430696355829	0.0312426096556084
9	0.0717073874600486	0.6939675492375583	0.2295731408893615	0.0047519224130313
10	0.7207538237414486	0.1659103329498297	0.0894876613926335	0.0238481819160882
11	0.0176426379106919	0.7173097141751792	0.2438437425395246	0.0212039053746046
12	0.0008932531150414	0.004752728145257	0.0415870364359577	0.9527669823037436
13	0.2779377034398987	0.3164232446197658	0.3088474922525246	0.0967915596878108
14	0.1375500757924211	0.1891964457413202	0.6340468858986557	0.0392065925676028
15	0.0914536728467428	0.3902555977581174	0.0675148245213566	0.450775904873783
16	0.4611786590902995	0.372201265231357	0.163157603635871	0.0034624720424724
17	0.2070652737864739	0.2081802029662893	0.4242822090042639	0.1604723142429728
18	0.8508432862523025	0.041871401345233	0.0976816166356576	0.0096036957668064
19	0.5693584937680842	0.0869532242718773	0.3347661013937641	0.0089221805662746
20	0.0037160920019972	0.8484151697152963	0.0472301704082092	0.1006385678744971
21	0.0221267735123815	0.5421417409217023	0.4324881820566894	0.0032433035092269
22	0.8128584706265258	0.0662307938388534	0.0940878119494133	0.0268229235852073
23	0.9691308756708046	0.0050101214034297	0.0214406659554169	0.0044183369703486
24	0.8286315690626601	0.124942939620059	0.0270765651462376	0.019348926171043
25	0.4308557810981001	0.0935212446319779	0.3505399275175453	0.1250830467523767
26	0.0708606076469868	0.3552668705688445	0.2416723648266812	0.3322001569574877
27	0.0369885323428272	0.6111018162057751	0.3237601614974815	0.0281494899539159
28	0.9112713325716028	0.0053992774100845	0.0798438272062322	0.00348556281208
29	0.7758686742890584	0.0207950096919171	0.0368049249465849	0.1665313910724393
30	0.1405746543809037	0.1617725649534955	0.2222968181967851	0.4753559624688154
31	0.3629293080888727	0.4217771772855038	0.1081453653861328	0.1071481492394907
32	0.9167539255545843	0.0069038658845748	0.0677343398611066	0.0086078686997341
33	0.0065234292321172	0.6558875447135387	0.1727512110925204	0.1648378149618234
34	0.9201810936987956	0.0047615276439334	0.0443965199074798	0.0306608587497915
35	0.1416750926381	0.7576689953335601	0.0945405401846909	0.0061153718436488
36	0.357777516839227	0.3402558017685591	0.2959241316804564	0.0060425497117573
37	0.9139896894519792	0.0409413674394912	0.0371955694496103	0.0078733736589192
38	0.3130270634360763	0.1256650514224233	0.4734407981551199	0.0878670869863803
39	0.9670760655514736	0.0095277968068539	0.0197212117025375	0.0036749259391349
40	0.0095997592329092	0.4552032350764953	0.5190480978991143	0.016148907791481
41	0.0258287477604096	0.7382842029457516	0.1463445391871032	0.0895425101067354
42	0.05236951815092	0.1582082517107811	0.7343040080618933	0.0551182220764055
43	0.9477911063340894	0.017129382010261	0.0337674895362975	0.0013120221193519
44	0.4184218739996264	0.3698688150660191	0.1344204771290574	0.0772888338052971
45	0.4625593528177349	0.1091924832972715	0.3032617290642256	0.1249864348207676
46	0.0008196720707191	0.0090971033933262	0.0042208164823698	0.9858624080535848
47	0.4392948692663149	0.0330979693254529	0.3227343949114183	0.204872766496814
48	0.0093752425119333	0.8977594343872284	0.0576959525203979	0.0351693705804401
49	0.8839825909059605	0.0243579712100878	0.0881560451536465	0.0035033927303051
50	0.0033796265492868	0.0806762515838473	0.04783107957891	0.8681130422879558
51	0.4105717820472664	0.1340614854136737	0.4187025059423988	0.0366642265966612
52	0.0010224571143789	0.009050667200628	0.0060528057800053	0.9838740699049878
53	0.2349108632498389	0.0450446368672191	0.2120940350729707	0.5079504648099712
54	0.3269398709277875	0.1804973661512376	0.4364275239123187	0.0561352390086565
55	0.2948552287135268	0.1431704453340848	0.1687460052051999	0.3932283207471886
56	0.0095440089118727	0.8160899024938553	0.0936239003788439	0.080742188215428
57	0.0375839276526875	0.7961198446875831	0.1341477966372662	0.0321484310224631
58	0.0164886948951866	0.2274888698723561	0.7240775483333376	0.0319448868991194
59	0.0728766391898222	0.6823383104521173	0.1541422673294142	0.090642783028646
60	0.0181173009412262	0.9539851410779252	0.0250693712730658	0.0028281867077825
61	0.0016661344785753	0.0419129138306114	0.0259535210342999	0.9304674306565136
62	0.1218592525379541	0.6889302083192212	0.1769110308678604	0.0122995082749641
63	0.2015375432440723	0.0820291032460813	0.5967158629811895	0.119717490528657
64	0.4985266993934787	0.0200531051502969	0.4646585046796365	0.0167616907765876
65	0.0081284883258138	0.9272451460157366	0.0430721163857922	0.021554249272657
66	0.0178639406835936	0.5563853681197368	0.4123493700405943	0.0134013211560748
67	0.0147423789252134	0.7089668521538462	0.1588491756798714	0.1174415932410687
68	0.0003345752555321	0.0887089381332743	0.015317286706589	0.8956391999046043
69	0.005405415442495	0.8150018117504699	0.1631904061763728	0.0164023666306622
70	0.0601213373939976	0.1044783763633198	0.8317713153415844	0.0036289709010977
71	0.0016331321868736	0.3806376135826178	0.0739805800276491	0.5437486742028595
72	0.0284488290898961	0.7119644380450318	0.2505170603835425	0.0090696724815297
73	0.0144531099960142	0.2903016847757448	0.4989853477774607	0.19625985745078
74	0.0057907116517889	0.3363543735600249	0.0733635461737346	0.5844913686144517
75	0.0049139977533072	0.9289724018992804	0.0586804735465091	0.0074331268009032
76	0.0027486115195666	0.8537056439437701	0.1178694662297144	0.0256762783069489
77	0.0076153728292717	0.3833241630088633	0.6042653212538422	0.0047951429080224
78	0.0058537534821013	0.3922486056021543	0.5017536977186821	0.1001439431970622
