label_id	archetype 1	archetype 2	archetype 3	archetype 4
1	0.9551865647233504	0.0118548780819903	0.0325624631890233	0.0003960940056359
2	0.5366435500767714	0.2282614921677047	0.2207010356864986	0.014393922069025
3	0.1079665829410778	0.4941750825930218	0.2024992117657316	0.1953591227001685
4	0.9092404036118557	0.012102110100384	0.0739645788587459	0.0046929074290142
5	0.7309511240865566	0.1018348198297576	0.1619316040024184	0.0052824520812672
6	0.8716914528684261	0.0383366666768902	0.0787826429878437	0.0111892374668402
7	0.5980152820744068	0.072298893940276	0.1906180617649442	0.1390677622203733
8	0.7432512826419814	0.152595552839016	0.0935047888512797	0.0106483756677231
9	0.0509985951192935	0.6894851034358772	0.1672419889504005	0.0922743124944284
10	0.0060766256875832	0.5433289857710636	0.246240214294899	0.2043541742464542
11	0.789680454546967	0.0827438590291414	0.1211433550746483	0.006432331349243
12	0.4035222831650538	0.1189683558585986	0.1529439408492366	0.3245654201271111
13	0.2892797964325854	0.5614944957684002	0.1146145882133197	0.0346111195856948
14	0.1357488501846501	0.4928795673997832	0.2834357741090865	0.0879358083064803
15	0.0957555886859512	0.7456194986869741	0.1403738108435065	0.0182511017835678
16	0.8588420714350605	0.0216718536643408	0.1119766358408878	0.0075094390597108
17	0.2999538773284529	0.2151635912923629	0.2040926950248421	0.280789836354342
18	0.044613501939081	0.3662804156283457	0.241854193696497	0.347251888736076
19	0.3659129848473149	0.4124693807401249	0.1839425327202319	0.037675101692328
20	0.2640236675623531	0.4282348049378611	0.2903741094524684	0.017367418047317
21	0.1961099825687277	0.648601796126843	0.1358384654334046	0.0194497558710248
22	0.4733212999192355	0.391918097984093	0.1226673233125054	0.0120932787841659
23	0.1897770337683229	0.475526402921362	0.2736507371710491	0.0610458261392662
24	0.2511146446548953	0.5048946143844844	0.2219900129865846	0.0220007279740357
25	0.0086880932849036	0.4027719736665597	0.2292477760923488	0.3592921569561877
26	0.8546584030743404	0.0219337226497753	0.0925475682864087	0.0308603059894755
27	0.3119254821950943	0.4328620287567461	0.2037635162367525	0.051448972811407
28	0.3173609337476132	0.3494977424068394	0.3118476407220438	0.0212936831235034
29	0.0134945987941384	0.5396471747131747	0.3843076993246336	0.0625505271680529
30	0.4661122278117118	0.1870000117179492	0.3398578338577067	0.0070299266126321
31	0.0252075140010228	0.7654291018887732	0.1395029047987015	0.0698604793115022
32	0.104699520152815	0.2150362096716349	0.2176013186402683	0.4626629515352815
33	0.3170213957105743	0.2517011792831702	0.3067596971797492	0.1245177278265062
34	0.0407393915439493	0.3872333388439297	0.1778710114304005	0.3941562581817203
35	0.9429222105164576	0.00871397736869	0.0455974705079384	0.0027663416069135
36	0.5573607176195576	0.1436862235957021	0.2810796222826855	0.0178734365020546
37	0.1435965858480437	0.3267541465935906	0.5104360390847733	0.0192132284735925
38	0.0966652593287576	0.538160342690195	0.1809017127887379	0.1842726851923097
39	0.2896638608984352	0.356460168178293	0.3071303111844138	0.0467456597388578
40	0.0099586741124803	0.5632482880952655	0.2523638324765668	0.1744292053156874
41	0.1988050586339185	0.5259078990843434	0.1581427245030471	0.1171443177786907
42	0.2807147996996859	0.5661238392417894	0.1180840954372247	0.0350772656213001
43	0.0937214169015093	0.4361412388242847	0.4207867850703304	0.0493505592038753
44	0.8500636752933377	0.0380895334269791	0.0972002806435406	0.0146465106361423
45	0.2777137010661063	0.4165082172073778	0.1397315833607456	0.1660464983657703
46	0.587444846950647	0.1472137684094178	0.1935763956037235	0.0717649890362112
47	0.8580971938472994	0.0380018152702563	0.1011840620905254	0.0027169287919185
48	0.2267170806403671	0.5244530784678648	0.2214399783324897	0.0273898625592782
49	0.0396449884584162	0.1401815355852768	0.3438348077834292	0.4763386681728782
50	0.0482334678345314	0.5924527075354369	0.1550979456011168	0.2042158790289149
51	0.0248094444582396	0.6373744771459273	0.1956996497206414	0.1421164286751915
52	0.066817998471402	0.745507751240534	0.175076321570571	0.0125979287174928
53	0.7201677229851338	0.1386835742959866	0.1111283992559203	0.0300203034629594
54	0.1277833916945056	0.3893103823655651	0.3587085368288055	0.1241976891111238
55	0.9590523951030058	0.0068249580906533	0.0330640827183016	0.0010585640880392
56	0.0221457869300525	0.3852338170508306	0.1516821353644309	0.4409382606546857
57	0.6954301594171437	0.0624332944405107	0.0948916087487221	0.1472449373936237
58	0.820549862936128	0.0588082401145062	0.1098256178289079	0.0108162791204575
59	0.8606985621218051	0.0506903491697151	0.0680961685807299	0.0205149201277495
60	0.098236262704833	0.2913760000092397	0.2362566064035457	0.3741311308823816
61	0.5332673320493129	0.1436012720340386	0.1903731415453321	0.1327582543713159
62	0.728699558235995	0.1358738681439717	0.1063385150407833	0.02908805857925
63	0.2383888449311781	0.3202727973114403	0.2724385008180485	0.1688998569393328
64	0.551559980892704	0.2831741782794085	0.1143022803755647	0.050963560452323
65	0.8060067213518218	0.0649849950344465	0.0991292205249771	0.0298790630887544
66	0.4550286330604929	0.2157856111773124	0.1946576944641707	0.1345280612980238
67	0.7468315390154858	0.0833024229730809	0.0844537029675554	0.0854123350438776
68	0.4982241275699435	0.2268078255126795	0.1784379852562295	0.0965300616611475
69	0.1556588712584921	0.3618927791532224	0.3594600697913888	0.1229882797968967
70	0.704088703456663	0.1602487633817728	0.1052416243549584	0.0304209088066057
71	0.9349321307599584	0.0082548889262872	0.0436713732786309	0.013141607035123
72	0.5367755697192494	0.0849648172765244	0.174017469629943	0.2042421433742834
73	0.356795537821254	0.1878459348626059	0.2465475007906281	0.2088110265255116
74	0.3182173838750407	0.4580970897094721	0.157750713735646	0.0659348126798409
75	0.8847937457326254	0.0348613479587038	0.0718979372027269	0.0084469691059442
76	0.8143217232917218	0.011487409236196	0.0675634394724111	0.1066274279996708
77	0.6554072627015198	0.1126169384139928	0.2075733086343532	0.0244024902501343
78	0.3026206783730756	0.1947450547481527	0.2432124939852896	0.2594217728934822
79	0.0210068497099919	0.2641994931053973	0.1206061909217552	0.5941874662628557
80	0.5790934451298716	0.2439429427478218	0.1421243377145835	0.0348392744077226
81	0.2039723496656517	0.3591498414307444	0.2042384222104466	0.2326393866931574
82	0.0571597913451102	0.6899494253078844	0.1658281691130204	0.087062614233985
83	0.0944470684305498	0.6337530615700815	0.171052060114311	0.1007478098850577
84	0.4264642515224624	0.3532873613776461	0.1702426745812879	0.0500057125186037
85	0.1979638417535537	0.3012807475095461	0.2386271619560963	0.2621282487808039
86	0.1045613185352797	0.1368807091023423	0.285972263801228	0.47258570856115
87	0.0613020705737447	0.4707761664480435	0.272076530449841	0.1958452325283706
88	0.0475014385684235	0.6249897220741114	0.2584132577417328	0.0690955816157321
89	0.5259368117041232	0.2634978765910766	0.1614296388698876	0.0491356728349127
90	0.9058790191841272	0.015194941225558	0.0748444265852919	0.0040816130050224
91	0.9120967480086536	0.0278206916949429	0.0487457278885795	0.0113368324078238
92	0.2264404040702251	0.6279180353095215	0.1347062981122231	0.0109352625080301
93	0.3167430123216999	0.2695635350732914	0.2624159941394283	0.1512774584655803
94	0.0054748162715489	0.6413263639605722	0.099067925310555	0.254130894457324
95	0.0478086419516491	0.7480085241172345	0.1352004339925534	0.068982399938563
96	0.0321515094930692	0.3958134113397049	0.1225884707881295	0.4494466083790958
97	0.0968134501751627	0.6131856467733752	0.2104902784885447	0.079510624562917
98	0.3518442421851319	0.4624317273447911	0.1262222194252231	0.0595018110448534
99	0.3975110323297437	0.2639712766694242	0.1845000579495389	0.1540176330512929
100	0.2259851301889975	0.3741027556270006	0.3371921030976382	0.0627200110863638
101	0.1049250124937111	0.5695485806892854	0.1372945912262745	0.1882318155907289
102	0.1948864470954902	0.606537317160801	0.1903097841800135	0.0082664515636952
103	0.0163428897530447	0.7847258973515177	0.1262041390822433	0.0727270738131944
104	0.2615762665104278	0.3686874559648361	0.1691882984078823	0.2005479791168535
105	0.7825970062471368	0.0152492915600026	0.1226857591805795	0.079467943012281
106	0.031211537113577	0.5387752352242392	0.1411989406522905	0.2888142870098934
107	0.0858070158385209	0.711078236725602	0.104576919835726	0.0985378276001511
108	0.0649784697234692	0.3182576990584073	0.2384441784788048	0.3783196527393189
109	0.0234729123258969	0.4404380122124572	0.3814028916938422	0.1546861837678035
110	0.2307471366842275	0.5224021998429947	0.1604280672208937	0.0864225962518839
111	0.7394753029954834	0.0723704968364859	0.1291983150650528	0.0589558851029782
112	0.0139886893061303	0.5035715014462846	0.1423608568534826	0.3400789523941023
113	0.0264632420531583	0.2131029846816415	0.3033045309485685	0.4571292423166317
