label_id	archetype 1	archetype 2	archetype 3	archetype 4
1	0.180360520269864	0.69004640868597	0.1157510654419092	0.0138420056022567
2	0.0005738671872357	0.0360441521379792	0.008859804874446998	0.9545221758003379
3	0.2881714384986706	0.1290261164232785	0.2444777017306049	0.3383247433474459
4	0.0226336047133889	0.6315738703339496	0.1183823506164887	0.2274101743361725
5	0.0260886150587025	0.8494050256420353	0.1167210541052051	0.0077853051940569
6	0.1965868318631113	0.7389277580310569	0.0608948100934679	0.0035906000123633
7	0.0059340281462865	0.8386040180338049	0.1324612919250172	0.0230006618948908
8	0.4835395966883684	0.2586832227577739	0.1818530401750988	0.0759241403787588
9	0.0263410200427999	0.0197521097829863	0.056023295878782	0.8978835742954319
10	0.7409905180903332	0.0540255933191336	0.1174737472743366	0.0875101413161966
11	0.0221815513181993	0.8194346378537359	0.1476120206803203	0.0107717901477445
12	0.1439006356509996	0.438370089860742	0.4074110470238401	0.0103182274644179
13	0.6018446616365617	0.29504632709338596	0.0714907116838479	0.0316182995862044
14	0.0035913940494874	0.9063278641889044	0.0872645837370509	0.0028161580245573
15	0.0013908848209798	0.9098383921397336	0.0875121945722761	0.0012585284670107
16	0.1550778814660101	0.2727192081266217	0.5621735672065281	0.0100293432008396
17	0.8293686533055882	0.010148145175665	0.1263516650190385	0.0341315364997081
18	0.7007777214632828	0.0664040135543678	0.2185673871732176	0.0142508778091318
19	0.9821813696715525	0.0057276272815641	0.0085817478348987	0.0035092552119849
20	0.0036900310548575	0.900259265568477	0.0937897061268979	0.0022609972497674
21	0.9164600329369056	0.0224780620985994	0.0594728754068204	0.0015890295576745
22	0.462688024319781	0.2670453824788019	0.2619152843894701	0.0083513088119469
23	0.0352809098467675	0.0278478876437984	0.0102193826091286	0.9266518199003054
24	0.0344873647339802	0.6283537362693279	0.32191640176524294	0.0152424972314488
25	0.8316561513808586	0.0205263915738701	0.1436788861956563	0.0041385708496147
26	0.866439206789962	0.0158435768677105	0.0923782938226621	0.0253389225196651
27	0.0124891660354269	0.528021705278418	0.4396187843347441	0.0198703443514111
28	0.0021812867533854	0.8831786137831957	0.0974842439222019	0.0171558555412166
29	0.9446852091100753	0.0159671110766439	0.0366573158145328	0.0026903639987479995
30	0.0013544442126121	0.8641800188405192	0.1311418809689532	0.0033236559779153
31	0.0094040341657078	0.5428811981493258	0.4457005972305837	0.0020141704543828
32	0.7532230924175962	0.1187150494332021	0.1149364750172622	0.0131253831319395
33	0.2827518350303922	0.1631367686429212	0.5158784792758867	0.0382329170507998
34	0.9811827605104472	0.0061246798479182	0.0109794652897234	0.001713094351911
35	0.4438101900605158	0.1073317287999414	0.4458137296408504	0.0030443514986922
36	0.6666765930720241	0.1397066023037295	0.1537691595934347	0.0398476450308121
37	0.7317531606510971	0.0333692588529044	0.2294345113227812	0.0054430691732172
38	0.061448263969587004	0.3842583015987243	0.3893221059398526	0.1649713284918358
39	0.0058228704301842	0.259519631887687	0.1711319272399726	0.5635255704421559
40	0.8699025927455688	0.1000478727750845	0.0248917490439251	0.0051577854354212
41	0.0315525790370613	0.6937694465354713	0.2569856107071334	0.0176923637203339
42	0.0006090602031934	0.0254886476999382	0.0979746983271251	0.8759275937697428
43	0.0174629849334653	0.4854094120756076	0.0733915417380666	0.4237360612528604
44	0.2897291824928357	0.2810418134549034	0.1754670052671406	0.2537619987851206
45	0.0097130680182254	0.134579634512788	0.0972963772753842	0.7584109201936021
46	0.0549248596055154	0.38028634865099104	0.5610287639348246	0.003760027808669
47	0.168300914554086	0.6407859095374789	0.1851627912112348	0.0057503846972003
48	0.0032913590105334	0.8532035686265353	0.1385576181718684	0.0049474541910626
49	0.8611964732795891	0.0273847411102836	0.109073271621783	0.0023455139883439
50	0.6014205734484358	0.194508462629696	0.1681954558620904	0.0358755080597776
51	0.3227339360519358	0.1731100198740538	0.4923895091262969	0.0117665349477132
52	0.3091960546235011	0.14325106324976	0.4379451510009228	0.1096077311258159
53	0.9107207843008256	0.0653238561690953	0.0173989489481214	0.0065564105819575
54	0.0125917066664903	0.45243566078863395	0.5295707466852692	0.0054018858596062
55	0.0226201372980177	0.7586705607242753	0.2071048021501921	0.0116044998275141
56	0.0203954240177701	0.5033022105114542	0.33197544844003996	0.1443269170307358
57	0.2496006465077423	0.6495112698053672	0.0817316635356323	0.019156420151258
58	0.0184655101245432	0.6004948471631457	0.3686138462275529	0.0124257964847581
59	0.0318145583969497	0.2368680954255284	0.3879562733293591	0.3433610728481628
60	0.0222587655273692	0.5859353028106735	0.3302050209859815	0.0616009106759759
61	0.581518917089852	0.1751696473740944	0.235362245369228	0.0079491901668253
62	0.3575677875804209	0.1707897540046696	0.4326510683206118	0.0389913900942977
63	0.7423549086759169	0.1165711693127654	0.1389746394918433	0.0020992825194742
64	0.0210096401026424	0.4319746858613571	0.2885845073985084	0.2584311666374917
65	0.0009424228717644	0.0284233645628164	0.0465010300642409	0.9241331825011784
66	0.0651142282179507	0.2359041944796678	0.6890326782805035	0.0099488990218781
67	0.1673818576897168	0.3256564086309089	0.4998096931644691	0.007152040514905
68	0.0073719996087482	0.4848478821668067	0.3192769118504157	0.1885032063740293
69	0.6716415238823175	0.2307018531217926	0.0649650774249786	0.0326915455709111
70	0.0067522722396633	0.142390459963293	0.4224372226802033	0.4284200451168405
71	0.2912304648091223	0.582152119835316	0.1035025886833179	0.0231148266722435
72	0.0063044533342626	0.050111632323279996	0.0778902349767072	0.8656936793657499
73	0.0071476985154974	0.1167651256919841	0.8572269855307416	0.0188601902617771
74	0.7777257524999613	0.0557528912109515	0.1426628128841169	0.0238585434049703
75	0.0874264420809946	0.4720105629977871	0.4145344445230869	0.0260285503981312
76	0.176853414895857	0.0466201416404082	0.2525618034913672	0.5239646399723672
77	0.0345392338396225	0.7925594437536809	0.163106078218543	0.0097952441881532
78	0.5112753356268818	0.1377993410385411	0.3165641707429912	0.034361152591585994
79	0.0036596905238526	0.4831761254952217	0.4875633756674229	0.0256008083135025
