label_id	PC 1_tagRFPtUtrCH_TFOR_pca_predicted	PC 2_tagRFPtUtrCH_TFOR_pca_predicted	PC 3_tagRFPtUtrCH_TFOR_pca_predicted	PC 4_tagRFPtUtrCH_TFOR_pca_predicted	PC 5_tagRFPtUtrCH_TFOR_pca_predicted	PC 6_tagRFPtUtrCH_TFOR_pca_predicted	PC 7_tagRFPtUtrCH_TFOR_pca_predicted	PC 8_tagRFPtUtrCH_TFOR_pca_predicted	PC 9_tagRFPtUtrCH_TFOR_pca_predicted	PC 10_tagRFPtUtrCH_TFOR_pca_predicted	PC 11_tagRFPtUtrCH_TFOR_pca_predicted	PC 12_tagRFPtUtrCH_TFOR_pca_predicted	PC 13_tagRFPtUtrCH_TFOR_pca_predicted	PC 14_tagRFPtUtrCH_TFOR_pca_predicted	PC 15_tagRFPtUtrCH_TFOR_pca_predicted	PC 16_tagRFPtUtrCH_TFOR_pca_predicted	PC 17_tagRFPtUtrCH_TFOR_pca_predicted	PC 18_tagRFPtUtrCH_TFOR_pca_predicted	PC 19_tagRFPtUtrCH_TFOR_pca_predicted	PC 20_tagRFPtUtrCH_TFOR_pca_predicted
1	4.1376621302640935	-0.0923484960916933	2.7167126700448154	-2.190372730548031	-1.1584740388143853	0.2185602166301525	-0.3902997484048356	-0.8575168770513777	-0.8190562997836484	-1.0692892565943208	0.1987322414374208	-1.2072882869543229	0.5899267417951357	-0.373758696402009	0.1934740575147095	-0.4552154232456777	-0.1623171999084105	0.1782660314578856	-0.5276206171570559	0.0965093093379216
2	1.6836624707968832	-4.317672329613407	-0.7970477881637824	0.4632484513349872	0.9192700948797008	0.2127253098871873	0.7567658978681777	-0.6831217368660383	1.7055206482491716	0.9288389830640038	0.2738373986802802	0.2291399891667263	-0.7676440406386327	0.6133657002364871	0.6570539789458714	-0.4404157134552149	-0.0282849784000154	-0.1703806545819033	-0.1105596103068551	-0.0185489854394127
3	2.64266880796431	-2.07101723698324	1.8262767631586083	2.8332777917369616	-3.0114766650154574	0.5734667001074603	0.7464390711400775	0.1562854178965267	-0.6082135109223987	-1.311174798143473	0.5253897342812746	0.2253331126367834	-0.7762465874740805	-1.123918209547638	-0.5913677962928112	-1.4482196739252322	0.1560629734022223	0.1553215924733721	0.3451107962613582	-0.0473102780166421
4	2.387775741673704	-4.454470395761716	-0.8531365468673028	-3.2768956589380283	-3.3176093060884204	0.5278945905121408	-0.0892190631770546	-0.5564562402020385	0.3311488549719836	0.2029963435526443	-0.3194248351623567	-1.0599254871514594	-0.6657041782268287	-0.0440430443985619	0.4806507468288323	0.1483725722420155	-0.1948785589323902	-0.1460812470893364	-0.7037260404278003	0.8140235860521551
5	4.620484255524102	-1.1910648483627158	0.3339818756274136	-0.7087128764127755	-0.5539802605008315	0.8758922075748292	-0.6054609302324927	1.2358137632266768	-0.9172031807299934	-0.5504398593333772	0.7877956779729498	-1.4586290685712615	0.0435144746545219	-0.2806654325153332	0.0751443197137042	-0.7363600218384738	-0.1231654869852567	0.2374182193033271	-0.1698630779711409	-0.0619786804563737
6	4.228791835027576	0.5917794860070718	-0.2768388061899413	-1.9039142849138704	-1.503944037985362	0.2556619039738845	-0.6996295269131281	0.2828779189876051	-0.2828725789102666	-0.6777091270187552	0.9830128796199435	-0.9037145381995328	-0.7299804643193895	0.664755096904917	-0.7986696957238095	0.5294200145611236	0.2659534759086108	0.0999055393939778	0.1008910939809792	0.053806899834079
7	5.496305449021641	-4.033860708261736	0.8176527379864903	-0.3244230624687603	-0.0804747527440692	-0.0534008439184883	0.4094060810459687	-0.3421804953310641	-0.2680777262031224	0.6880923756498016	0.1108755812262938	-1.0008825617637729	1.0460497501653911	-0.8668122778978806	1.1381591324207572	-0.8148986161690586	-0.5802859427290832	-0.03755817898176	-0.5645528940994966	0.0465985919478484
8	1.48264502557337	-1.1836966896725745	3.807263512519336	-0.4904539531771732	-0.3782251191365578	0.1241887113217469	-0.696569704663407	-0.3342348013468559	1.1631649363083856	0.4162117187262448	-0.4623190004399067	-0.5428043207135209	-0.5899389934354176	0.3260963799956768	0.1329316582489568	0.0511871864408364	0.5532281250926561	-0.1304398315075892	0.0344221091961136	0.1158533244298851
9	-0.7766684513326707	-4.399386616228673	1.7577174737293235	2.917300847542922	-3.472995307083493	-1.3921036903669903	0.8983395934449803	-1.2976209675370356	0.6874149962009692	-1.6467967532427648	-0.7899275665485046	0.3196258882964864	-0.3816242369801124	0.0023768027954899	0.2627601349863937	-0.3985834775017756	0.4820842201224922	-0.4718053709389826	0.9296270801841428	0.0006577688035029
10	1.2749070505360232	0.5301155564638567	2.543518530599804	-1.4051727058941843	0.1442852401874265	0.7376962461052591	1.6395504135580343	-1.0699821713691016	2.213361614525562	1.633643213551586	-0.7688260228845873	-0.3998620729315503	0.5013657696269256	0.0847850469097628	-0.9359140482323056	-0.5681604495411234	-0.5183642595820208	0.7353379452540005	-0.2081029474687818	0.1513024184068925
11	6.038192052533773	-0.7926844276602996	-2.6803672957892366	-2.254376180057396	-0.3544694351080462	-1.3808764588024969	1.387060909939752	-1.011172003464381	-0.4823062544402017	2.136035137778108	1.4159156053574602	1.3767026794252084	0.1392944007020915	0.4235790430319013	-0.7139971144727824	1.336840135491778	-0.0169286985913172	-0.3499717254894767	1.3061310658754437	-0.2127808818187126
12	3.3347273010378133	-0.7850129120433369	2.6368582763167847	-2.2610092022704085	-1.2586477579972657	-0.5857646124725444	-0.5646907835193851	-1.2365379461864556	0.7048713758211259	1.2844856849841937	-1.533392910738394	-0.5196478160761258	0.3564977823787281	-0.9961921260625552	-0.1260176089103701	1.1469019885817724	0.1381592812517285	0.1033857276502183	-0.2750468568150319	0.2188934322755749
13	0.8720719845567091	-0.8253017773128715	4.117615755417928	-0.2510784880192496	-1.8296529273966533	-0.6303288462096641	-0.4463448449064628	-0.5430140041816536	0.0066187601492071	-0.1905918881218054	0.7803405467252365	-1.4690358507333117	0.9492947762616916	0.3852092944959771	-0.1131632372929338	0.0162767274585584	-0.2027286352882339	0.1400212787891079	-0.3245014036648976	-0.1310483220182661
14	6.759795800582801	-3.0755554667201768	-0.1268326937099236	1.669828167239423	-0.5965492537153654	-2.4358751672853205	1.4406627965808418	1.0089535820172628	-0.6981596183152572	-0.4825245469887638	-0.5209062901384005	1.1779482055114032	1.4888698016464943	-0.2668686505808808	0.1211125648301559	0.5808209420750161	0.0133664491401689	0.1827459589244762	0.6663765095906831	0.4279442970067179
15	6.939185357551669	-2.144453816362885	0.594498682217404	0.0808788983980335	0.5343971752658174	-1.3990622010944764	0.3107061292023267	-0.1394052791548681	-1.2423123906279103	1.7075736857123576	0.3178654331812733	0.1629396542328125	1.613169386157196	-1.087231808022976	0.4220340038561154	0.5957549865480354	-0.4554556463889616	0.4834540501750426	0.4829891551188572	-0.3833823397898754
16	4.82602469788508	4.032248623122433	-3.6065440916379767	-2.868913023377196	1.4542666986471648	-0.2788611216280716	0.0475289423684834	0.8343019129345066	-0.3561630380355129	1.1569706755074196	-1.3106879382746914	0.4078729148872755	0.0231502828971912	-0.2149736920138054	0.2168859092341897	1.7196969396878694	-0.2791882910527112	-0.6184885127137838	0.3040814622950121	0.073074014109725
17	-1.2361152366571302	0.3713689594564133	2.8640898589738435	0.7269986472931116	-1.6439518115332798	0.0583304034228366	-0.2312168023948544	-1.286369455366497	-0.2319444953847539	-0.5613850737656674	0.1383575314291807	0.7525413827650427	-1.180636845631696	0.134730735251304	0.2688475407214916	-0.5222711558667703	0.6398670146384662	-0.4763550874818334	0.0159351100320241	-0.3007499778517832
18	1.2288865373086828	0.8650724422945597	3.300595175412281	-2.1083560473872467	-2.306978393461708	1.6304686182760766	1.1549569695002937	2.0925390961183687	0.8601972495237309	0.6813728918497257	-0.3895635541244022	0.6015146247452394	-0.1330383263972727	-0.3351040609756759	0.7466083888921702	-0.8420435569721703	0.7081146994432084	0.2659230197380411	0.5640859929037019	0.3520644186501939
19	0.1283358195386954	1.1514701036649535	1.4357112566457977	-2.3795171938166746	-2.455107339733007	0.2263104198733505	0.7733180891171649	-0.5164560003495389	-0.1885756232608972	-0.7396058239594123	0.5237602819440266	-0.3604910377023236	0.4685523340793089	0.6487211461573437	-0.4779852901605856	-0.2687717046918598	-0.2099928956117045	0.3780698452704258	-0.3751395840963498	-0.1811717762629037
20	6.094498734737617	-2.9688914605648966	-2.647579664005965	-0.0868621264075706	0.0791071694721853	-2.1774569424263603	1.3472609087612568	1.027827743211283	-0.9558098433858452	0.0815059878751998	-0.1728295406984639	0.6210730341952102	1.5005602115063894	0.1190782709142594	-0.3406715478168038	0.8761406625556825	-0.2221951966182684	-0.100062354065985	0.5011099951344411	0.0083865638391209
21	0.2412118484933438	5.207436219294417	0.4521578709915576	-1.3790686256841729	0.1011150262626376	-0.8192079235126141	0.2296339893401437	0.965716469471868	0.1356342297213988	0.4015605016179076	0.2455179894756599	-0.0225056519383626	1.684094068288818	0.0545330895350253	0.6723710002219931	0.2098255826400661	-0.239063538927172	0.0363256918679348	0.0486241550041617	0.2198023500369395
22	2.7593614346300805	3.288381724482312	-1.8822605695692456	-2.910072986228656	0.0988036727038991	0.1889042998176582	0.0500016902331488	0.4187533738926703	0.7301509166668456	1.567351754746539	-0.9896847541012636	-0.0978663723439359	-0.1375576745198969	-0.1618534319005768	0.2386061787770614	0.9777773009665524	-0.2142215056379113	-0.0832835916157412	0.3528083315389692	0.4473705263972825
23	-1.026226808708489	-1.339941886197332	1.2554922896055505	1.6765850934799005	0.1738812939699673	-0.4975972036817953	1.5119161352780672	-2.1895613494360227	1.403765877147249	0.9590915075951928	0.3797255086825952	0.0912841452709694	0.4887759908164355	0.5278382163102521	-0.4811055804484105	-0.4933627564296989	-0.542744994221052	0.4779772011526206	-0.2714935067123152	-0.4970264522693881
24	5.260589874739209	1.2806901699896738	-3.2121448487645767	-0.8854107565234131	2.5121966818266843	-0.4223139531073268	-0.0237283597349282	-1.1057091449727672	-0.9283081231997504	0.7551274307395235	0.1943689259468595	0.7335861220808377	-0.5381357062368402	-0.1973320402326828	-0.4898390208059382	0.8435687041631164	-0.3006743195808559	-0.4014905356058362	0.5253265691071531	-0.3042733660859582
25	1.444576042270346	5.47118836335485	-3.037543601172919	-1.1225717055147548	0.5373562009251256	-0.2278588860940043	0.2342035344892821	1.5893000910420447	-0.7093472706729305	-1.057534726851895	-1.5354525607464264	0.5363196581214824	0.0982701581923031	0.0132857833343442	0.4170611295458606	0.2351588974811898	-0.2855673627372992	-0.5420217078458391	-0.2412939944909711	0.5033274629327771
26	-0.9024833751700704	-0.7048117666276514	5.55803235907406	1.0739920401242458	-0.385078460906821	0.6473278280320796	1.2425082102325753	1.02508291634204	0.5101537104550591	0.4530958636376279	-0.3118536190636849	1.5721236352282206	-0.2330899846239198	-0.2413476817170896	0.5885013394350374	-1.1724952571930831	0.7054933928418885	-0.1978305572603729	0.6663163405685095	0.3764889571491636
27	3.4978057907009843	-1.503745976603822	-0.5774475156401505	-0.7197793834111827	0.0850659561955151	1.5762135212842598	0.5817639080021451	1.5017689948879287	0.0161497718677505	1.3831237101482716	-0.0948717760243393	0.0849112242466931	-0.3791512500546687	-1.4491823072242718	-0.6909951454299446	-0.9006532131847556	-0.0803582491615833	0.4337714343087329	0.3603520069043098	-0.1109781318094924
28	5.063718022870419	-3.0203054030527787	0.0607130598940183	-0.2998904150470629	1.0375444374918434	0.1145518179330769	-0.0825837427214537	0.1309014145834339	0.4361979722044982	1.4329697518355284	0.7060608266483701	-0.8370303762625033	0.0926128703584474	0.0646920398919213	0.3440108775679533	-0.0771919603368174	-0.2756658376801324	0.032289610565227	-0.0976573471977539	-0.2557691439192169
29	0.2279907735724231	3.339265075669162	-0.3154871755069647	-0.1148261485270474	1.7400316822705986	-0.1082294449781069	-0.6441376195302695	1.098723230441017	1.720827696744033	-0.6061550926364636	-0.8324239585525586	-1.2568366871076817	0.0212272642201263	1.4556908089641545	-0.3326997191250669	0.4478270032996307	0.1031929498765586	-0.380766970260938	0.0033083227949246	0.2838702144841747
30	4.3856585581789576	-2.95462754491893	-0.7835542538504418	0.1535325454654454	1.871991309581856	-0.1524977411165013	0.1753381587667455	1.3590959160431382	0.1574456253677976	0.3796493317292433	-0.2834720246335127	-0.4324150960027735	0.3932818342538233	-0.1484780929096794	0.7791366819891543	-0.0341105098163245	-0.23795691944657	0.2521633555364262	-0.8497428385106902	0.2296048855680759
31	4.477428274143934	0.3610533086635232	-1.7363142362439898	0.1701830530527921	0.1349762132804396	-0.3921303109635974	0.4430295899927046	2.385863006155237	-0.6461872051735522	0.0273002694872128	-1.776142272558202	0.4166233465090707	0.5348180096738844	-1.087062113062084	0.1476011213264847	0.3902730849675124	0.1316319668856573	0.1365207357327251	0.1822188090532774	-0.1904880882132786
32	1.4442118357952909	-0.6381083563551949	3.5122576992078773	0.7248225307815765	-2.6112727105076408	-0.0060726066824545	-0.5368788067601571	0.8436352970258518	0.3287932643832416	-0.0857366962836221	0.0209767682311667	-0.9211433130475184	-0.1207497790132592	-0.1205097771312098	-0.2514467544924699	-0.0385742988349753	0.6417093941313441	-0.0327455474217492	-0.0861122506604674	-0.3253484095634107
33	-1.918708409058396	-2.9741877180372835	4.265316472963404	-0.9828728595235569	-2.3659919175722584	-1.285883478818263	-1.0589739882836824	-1.025825545531724	-0.4994434713617703	-0.2340657314891392	-1.7788743660484467	-0.2815554891088352	0.5303534333167512	-0.505257387938427	-0.1034124957287438	0.968789204207576	0.7821095761943413	-0.5083687808975716	0.2296593352725962	-0.2719298494347519
34	-2.042665840201674	-1.2327053870569014	3.834384123212013	-0.3982715833295209	-2.105550432699679	-0.2871162210848079	0.937979014161712	1.1810908320265343	0.116685605029053	0.3357796657358807	0.6482144464826352	0.6600322754401597	0.0972384663751917	0.8703015422639715	0.3476554585675515	0.3521291013852499	0.4194666380005616	0.0672410902144819	-0.2629387793466593	-0.1003352726740693
35	-1.6930157487777882	0.6106519222721172	-0.4358139126621819	-0.5919859132143372	-1.4897870881559487	0.5735942924341235	-0.2040352380147148	1.4721898593850646	0.3135258714332227	0.9811466809102494	-0.5155194547891444	-0.1147825508937279	-0.4990510662668939	-0.280859053832208	0.1766067109780813	0.279101604181635	0.3055382099559915	-0.1066722098378163	0.1935953051024048	-0.110234336929551
36	-2.8340431331954035	-0.3314919844542299	2.4554826912872105	-1.2614875353642925	-2.189929658070578	-0.8182013889178843	0.8566861147102074	-0.9988976620822854	-0.5064998553407012	1.4738437668268418	0.3817188736380732	1.2854579654405045	0.4649132225520311	-0.1086475201481662	1.408747865599981	0.4654298243762491	-0.0865386093141884	-0.0134894622594379	-0.3067835525282456	0.2246033139245469
37	-3.1914597366477784	-0.2477056758390308	3.5277825239951586	-2.1153246661588843	-2.5946570778386144	-0.176820648144051	0.0183918215171026	0.6286202364747453	-0.9147488978049464	-0.4539467757909539	-0.5264097035898292	0.7964175516565684	0.2797526760268987	-0.2839415172497035	1.084436935859202	0.1716986887345102	0.5673785197889005	-0.2377270764529184	-0.3461835093996628	0.38798668479183
38	-3.0504903413143145	-4.536735409528243	0.6542601088278753	1.4023977002177332	-2.053041195512047	-1.030357472756943	0.2996007918274834	0.6591478566959061	0.0024947589205854	-0.026107766308812	0.549253534927173	0.7639153508783894	-0.5665616399519173	-0.0181953590709462	-0.3089570725087718	0.3942469251982545	0.4301458638151247	0.1009373040738645	0.1736338495942275	-0.2528611208343854
39	3.1968633877475066	-4.4940834180963005	-2.719361663030848	1.7131951837755288	-2.020702187708923	-1.6933143656480172	1.475784939482196	-0.1739875334774794	0.2367960207088177	-0.8968030904737394	-0.0734235108939795	0.5207603829850678	0.0834702800076634	0.3570162640214582	-0.0619178833148019	-0.0267901412925495	0.1077507831372885	-0.1638770901136637	0.4838064333838821	0.1838048637591605
40	2.5194281233950706	0.4171455835091695	1.7894370851863377	-0.1817348208957376	-0.8560866477420557	0.4401460597976839	-0.3959806184243248	0.1342150852020651	0.8726933333881828	0.2478234164943376	0.8563538475220316	-1.1257038804020023	-0.4542939222270163	0.6182758684804965	-0.7178473565709176	-0.1820383094304623	0.0533772647625001	0.3387837776544786	-0.116677035191544	-0.0860976895464809
41	5.449973820438552	0.8326561308986928	-1.634339776550492	0.4088531765785852	4.0566232608206185	0.1131768170499722	-0.5533690947585868	-0.0536255542971062	-0.8895338006146627	0.78306035143958	0.3711689398156341	-0.2146925471965906	0.0701603624509417	-0.5132985049755825	0.2014583961432663	0.0547623785683997	-0.5205919655366698	-0.0104007939393098	0.1632960544287192	-0.2051018342087474
42	0.0420673048392759	-4.006750058601062	-2.1631361910435185	-1.4873585312857394	-0.5845921396713034	-0.3495563753381741	0.9948488641451688	0.0387312411726945	1.6406799501834382	-1.0012715197703383	-1.8407458715441487	-1.004328612409771	0.2909765458225983	0.8196369302580364	0.0086045355525747	-0.2090034768732442	-0.1833970699061238	0.2325765432234463	-0.5125379390865428	0.4876847775537669
43	3.46101592018744	-3.759350214873409	1.0423651039088335	-0.8023927552627299	-1.3353869204297757	0.3898382111359351	0.5703675010450233	-0.6196470930943505	0.6829677454189831	0.4826153982474284	0.1672846914835357	-1.0261028034537736	0.0491031103849088	-0.0910624812174583	-0.2945803131594218	-0.5872538454526597	-0.4204948372901276	0.0188789864321436	-0.3989988687122983	-0.1346492823326066
44	-0.9721416878330328	0.0789121047622085	1.2872325855298232	-1.3588808417843836	-3.251578512102056	-1.2812403401678796	1.4881572110092842	-3.603614041860681	-0.1921811227697691	1.315116628718886	-0.3246363850571203	-0.0934598289781325	1.5060864549814212	-0.1612809753466515	0.7493242760252095	-0.0688150649594752	-0.9111575995632952	-0.0941067503987744	0.3606558508826643	-0.2880742087384398
45	0.5350715279659726	-4.440985327839495	-0.5831798900192721	-1.0332752276874049	-1.2461407901140749	0.5562509584490916	1.1745361192706163	1.2264380888507351	1.2217925706060042	0.3273606768167414	-0.2500494226280398	-0.0467732171392459	-0.4502945919713106	0.2428589704940136	-0.4949070926811245	-0.5851411041359802	0.0060204922164617	0.230997883242862	-0.2243204088288886	0.2158854131654521
46	3.2211761366540204	1.0323721258807357	-4.902400092517442	-0.4758235641621446	-0.7974427183785078	0.4693072770305559	0.7918966804592316	1.8926453892192288	-0.5857727025299955	1.0984262553240387	-0.3350512469550093	0.2117327319266673	-0.5154488070478571	-0.292225293076497	-1.444283575920462	0.7952396225678535	-0.0246030521098132	0.7036817163618225	-0.319562278290193	-0.1018747889636131
47	4.214033357771801	1.3090373020602666	-3.0479161345590517	-1.3613409195802362	-1.1276239273442443	0.1126669835791713	0.7282230914354422	-0.0480213551836641	-0.0327881697138199	1.1417387131722552	0.7391918023666815	-0.2895454301799622	-0.0671010130731311	0.0796868384647075	-0.3911983961791421	0.5312933174830954	-0.1437943776273256	0.44758825861353	0.0419676476149949	-0.2552621931277734
48	4.637677612753753	-3.1564485848545183	-3.355713560429264	-1.3751124492679594	0.8012591023504865	-0.9868545500840784	0.2342466588487788	0.95238179863356	-1.18082867445513	0.5300078604980842	0.3853288253886102	-0.2095696063955889	0.909827507197484	0.1020557785592948	-0.001849246450206	0.5824562629865946	-0.3013537461195446	-0.2751906534809178	0.6941409924836952	0.0150407175080928
49	-3.1577115070724124	1.2927848089683724	2.016470746463531	-0.9103832182487146	-3.34642611244698	-0.3110509944262918	0.3697551884842269	1.5168778760355224	-0.0679398316460346	1.2952736378910212	-0.0741818171857655	0.6872046317066287	0.1490869617741701	0.0533576428975961	0.9965212806707592	0.5741679568689635	0.514093843884404	-0.3325039660816371	0.2326530042802934	0.0389187605728125
50	1.3668880384894146	3.077049167027996	-3.4754009357118165	0.4822324068566708	2.914455471779605	-0.5420319442436496	0.579227128320909	-0.4905105028018433	1.3558528119647182	0.4710573542946075	0.3700304046813034	0.2220220759001003	-0.3085807517484973	1.8011953507818936	-1.0761655960670744	1.268899122016238	-0.0514147628870338	0.3137471902934992	-0.3174878418309008	0.3251700939608994
51	-2.3917417774316325	2.8783650412767354	-2.6988587469642784	-0.0936103980874349	2.6320999193604004	0.2525641952244126	-2.0861893417628714	-0.0239596393664207	-0.1145518836633652	-0.7663582610046551	-1.914653010858624	-0.7603704959439872	-0.3207341827757339	-0.3604681716667834	0.0049153512820367	0.1645828922012044	-0.0809888641851861	-1.1153376794495904	-0.344705081892287	0.4819141027079929
52	-2.9056003885874047	-4.058712534677347	1.6447718773694628	-1.6590358134014491	-2.4496784650655377	-0.2729167728249844	1.4014051101947158	0.6580909236764327	-0.2118212077167403	0.8623321451635948	-0.2729927424005876	1.3934645697680788	-0.1634130948537873	-0.0785304736971661	0.6584554944039596	0.1917147323226139	0.1987847427541753	-0.2013306294320413	-0.0259110824218327	-0.0389771776864762
53	-0.0825744618995107	0.2822783992453122	0.4201715031118825	-1.6066404434678958	0.2723774205598072	0.8205487277846086	1.057348344405245	1.270988656408818	0.7938327705031032	-0.128272040005513	0.80809970026184	-0.1933710280211142	0.1384292332061782	0.9119138325114108	-1.116718436323751	-0.2295612683206711	-0.2163686374038134	0.838803662638403	-0.4158801806358392	0.2227929707201283
54	3.351046666459692	-1.3816361141516909	-4.414001851350502	-2.677465196180144	1.6650872303283155	0.1790616559130069	0.4843971907595978	1.8008623565903328	0.486665373357992	-0.1137706899575801	-0.8344367763530105	-0.4806848321147461	0.1068381483822058	0.5690665388874492	-0.8558278366713097	0.3519255626226589	0.0595300285591102	-0.2113880133131103	-0.034276145448449	0.5377750994493269
55	3.3098102242506124	-0.015807814091298	-3.319509082161792	-2.629018433541667	1.0392375616380691	-0.147426349334768	1.1558757551876973	0.965415697693956	0.2862530441807198	0.6066680590007603	0.3767113555852699	0.3166153345578992	0.1551299822633502	1.0503450516869512	0.7787945331948336	0.4922425445564771	0.0117563222334711	-0.3591959347487814	0.2772435465215244	0.1421989959104799
56	-1.9551446039727507	-3.3208738865093306	-0.337807232931132	2.115394437575251	-1.4760064800123966	-0.9514624362779284	0.7695372583972926	1.2359870922236809	1.3267390281647575	1.4589620750991117	0.2244230435357028	0.2690700737593845	-0.2795666253525759	0.358955903296605	0.0116050564666352	0.678618469390363	0.4527931518776897	0.4497934069090534	-0.1234965621435018	-0.2698044047451198
57	-2.9416418595802685	-2.1650034005646632	2.498106942902292	-1.8965526613768624	-0.2554895334805945	0.0251107806815729	-0.0535036059873448	0.009987645204184	-0.7229052774556397	1.3257619751178953	0.89106551872481	1.09576077073	0.0883117714457064	-0.1488234161361803	0.6021251288347287	0.4398869205690141	-0.1625427007927724	0.2711059950302841	-0.391423116191846	0.3290973095816873
58	4.227313066859957	-0.4571703286964403	-6.194980296772416	-1.3117218910588129	0.8893897814144236	0.0049442717828047	0.7905221431782508	1.148490424147511	-1.5030477866774472	-0.067436747610849	-0.2283274938204139	0.950574745188402	-0.431649221423168	-0.0112929217019357	-1.475453607314094	0.4391713347937427	-0.0997769205999352	0.1013709484089504	0.0208803273709348	0.2901614280641809
59	0.9856068138776743	-4.540645117838689	0.4208008841473382	0.2681961567241515	-1.3154214239532418	0.3683608428619078	0.2901072701576161	1.6587862968813951	0.8462631566775176	-0.2559563308360073	-1.087168086448047	-0.0297463298328102	-0.9931447842266152	-0.2606694661118589	0.0551518994902124	-0.1727368877929207	0.3777930665019093	-0.1518023842847695	-0.247238550645318	0.1722458157641426
60	1.3566964732641729	-1.1813412212347831	-4.135210052540576	-2.8593623766980087	0.3585084138200553	-0.0410309857614659	1.8427677549103656	0.2602792719859046	-0.1116698890926866	-0.2809978102840351	0.2044184860174294	0.1076371619018069	0.916768905879806	0.5467389718820939	-0.8039541449943641	0.4601059824634192	-0.3789202775000637	0.5745725291003205	-0.595428709740994	0.2445143161988703
61	1.2876932545641084	2.497932609003064	-3.970575707844002	-1.0109020683906351	0.7059151796038183	0.8654011740243281	0.7764436490204254	2.0215610861807214	0.1562525280673679	0.0052838084760398	-0.0054405457879571	-0.6214914500781736	0.3601932657399693	0.6395703352056024	-0.7075168874049922	-0.1193291414020427	-0.137309911798563	0.2651639787353959	0.0138121030923228	-0.1595556217552136
62	2.6852713177297445	1.406052339442608	-2.2960161824888328	-2.862853951323828	-0.126425792669006	-0.1312323957145759	1.3911634564285045	-2.7811455817036936	0.1176570977757496	-0.6103544470847102	-0.3845384315660656	0.3259238697967506	0.3298845712767395	0.2574644067523812	-0.7904424799650904	0.303025071411328	-0.3886710225810352	-0.238514546271839	0.0871836285417684	-0.6031616384005964
63	-3.2401472839558267	2.050938291692381	0.4357106282014643	1.0254832004927792	1.8980744453235456	-0.5535760373273457	0.0013646266263656	1.7990216054024124	-0.3608722985054609	0.2513907224503877	0.1603408766103609	0.1147424790010385	1.5818812436658618	-0.1709977507457254	-0.2657632450336002	-0.2101531815230386	-0.087697701907639	-0.0084189520672046	-0.3361651981144726	-0.4548023345885141
64	0.4729642303091781	-3.1650668695818656	-3.3232231163805626	-1.0878373594275317	1.5195314041145498	0.2740650856076105	0.9750009776386684	0.7767083374522024	0.2635337959380219	0.1045296485469537	0.4986705243503149	-0.9748597843369984	1.2624155243058794	0.1363703008431236	-1.921050631151996	-0.4931897904421254	-0.6608207135239601	0.8721776103233176	-0.1562235963820315	-0.0276026418924502
65	0.9004718820887065	-4.339785023183227	-2.6258517088966933	-1.174090150743652	1.7694477242768134	-0.2191106958078807	0.0233306111944706	-0.7999119472972573	0.3637676147723407	-0.3997328541083473	-0.1639344695314637	-0.8551873364934144	0.3507940827869689	0.4669707520653943	-0.6361679767855861	0.0206899233124937	-0.6710370484665829	-0.0163295967300369	-0.3828180298704895	0.0296031415466231
66	1.6066436859559134	0.7787877859440595	-4.269146375482977	-1.7751610119639878	0.7182180273920882	-0.0345446642668778	1.3458830710605447	1.0016984455631786	-0.2806208437930326	-0.2997617139180629	-1.1608261724665372	0.4222342740069438	0.3489272638029987	0.1260743049891473	0.6917919586426144	0.2057940735833108	-0.1652395014521515	-0.3658101309760673	-0.4528116739914241	0.0023584133667142
67	-3.8867210363389217	0.857298818727946	-0.4251348853734261	1.1310977939064912	-1.1107617808839574	-0.8986668957427741	0.8554982471622843	1.3390490997730815	-1.1615203863510022	0.6225094022469579	0.2983675371277936	0.2112046587012992	1.7351548695226031	-0.671106425304052	-0.7524899276759136	-0.1832969994243518	-0.3296628904178709	0.2253107943294929	0.4022113758295544	-0.803054027480993
68	0.8065884265532555	-3.496858335923763	-4.011335605576445	-1.7563515767074094	0.0091155214567432	0.9081010189708328	1.4423574063463285	1.6520220699983807	-0.7582687368013249	-0.3199641720841275	1.3274961729015526	0.4017493572050457	-0.0003682918543432	0.4032344729457491	0.4265734787327346	-0.977722892452148	-0.1519002704902474	-0.0029170615325659	-0.4471160464071042	0.0662085051955152
69	-1.4458052275663738	-0.4810372876441153	0.6720919733452834	0.2093763296695101	-1.97720285785774	0.0848362700411518	1.8316091664002447	0.8080041514873315	-0.7371896430047311	1.5733565776123934	1.829191000296154	1.17652789942309	0.4192044685746268	-0.0362219574546699	0.2317403193472564	-0.132743401444243	-0.2982410909610662	0.6090771036741545	-0.4423220251856188	-0.4564387356381267
70	1.9949726011483024	-2.6361732424276862	-4.760091553605973	1.1847491754783557	-0.5339101123282954	-0.4856234581523639	1.8731625978755704	-0.3755551555759098	0.3623845388512006	0.2058224274900726	1.0308394472103917	0.3902082509913471	-0.1804105480886484	0.8207119021905931	-0.2762505922301379	-0.5867693104050338	-0.1066590904447855	0.1785650792939337	0.240167589119145	-0.2595818195324675
71	1.2867580281026934	0.5025517124602761	-1.2227748015541184	-1.4281922209707467	3.2684072437723204	-0.2123861313513262	-0.5960537021845482	0.6290035504879228	-0.5437828148178898	-1.188241180277846	-0.1091022086094479	-0.9868340177595228	1.1836205676095055	0.2286882342281244	-1.3647419062942845	0.1823124160343192	-0.3727187126594762	-0.0589265213434357	-0.0869491815118204	-0.3583002085722526
72	-0.2036846339412568	-5.9078552157333615	0.3841147199423192	-0.0627094556957921	-2.9583927624349107	-0.8255765790514391	0.3712762577031796	1.0049975601692367	1.4942639544118157	0.1074651597480804	-1.1664377399283892	-0.9516790446007048	-0.0345191528065029	0.1938926802677669	0.0368469124725229	0.2247353495337465	0.1623816195268909	-0.1493566072967509	-0.1713467621216837	0.2016764399599466
73	2.051165519329236	-2.735647045980388	-4.824065475224678	1.7772538127142994	-0.0321074997070052	-0.4518117997680231	1.5270200552176367	2.133624421518625	0.4918401581042442	-0.8287177793096601	-0.696329546060193	-0.2167718501756637	0.2258363029749794	0.3763649495130798	-0.7167177588750384	-0.8229072327086321	0.1608704113291361	0.5617350615124772	-0.1327192853699914	0.2414979336278051
74	0.0265538929918962	1.8535599466632835	-2.9508387880192357	-0.9645685668986594	-0.3970392376123531	-0.2310974880240972	1.1327854055365378	-0.3338597002118355	0.6575276464173054	0.0827649464211819	-0.3426485417889875	-0.3734914732847185	0.5679336905366803	0.6185978762306923	-0.0063554600569482	-0.1613526360038923	-0.2782159933100798	0.1844968568254985	-0.174350039243639	-0.203632242375896
75	0.6006621270427965	-1.4752546580199262	-2.589610610723552	-0.7743519591487349	-0.0736461829940207	0.2847700222868501	1.5597692889861676	2.097839768820023	0.2937835980851789	0.1051327643223198	0.5670903826283951	-0.3810754107856331	0.9026105345566258	0.6507012998757715	-0.6263258015250273	-0.4280036730730059	-0.0939508644894919	0.4206791555848512	0.2074463334215357	-0.3874762542081313
76	1.4932000881727072	0.3559423793550973	-0.0090057191101334	3.7872971079316784	-0.6686338933094499	0.195386516471228	1.336516703484559	0.3400237813014684	0.5497962164535668	0.0947003655918403	0.0714120256372847	0.7497164791194358	-0.6409306182558865	0.0986287620999575	0.3878467505686913	-1.15439918599437	0.2640256664806708	0.3224353658274894	0.1165548143151467	-0.4304337095709201
77	0.4191451144594014	-0.4075529013413739	-2.690478987544692	0.0509499406774871	1.7541350946016163	0.7490784126977421	1.1874854123348868	3.4764479211670825	0.1814855146138168	1.0882979652528522	0.9526217313507974	-0.2055302122039419	1.068338325612455	0.2628016640596882	-0.8028831279772142	-0.6465715262383773	-0.1388385676674941	0.6645383132329685	-0.2368840478094299	-0.4952688175277373
78	1.1103170551528452	1.3270901646576745	-0.8535377715026319	3.5382431418059213	-1.9094847296528976	-0.8560820953631665	0.5784035905026776	1.217416223139729	0.1986952905851904	-0.7841683679300471	-0.679672914606579	-0.0789289080930073	-0.0395361942632419	0.1863512391347241	-0.2305643593542043	-0.0977849413862037	0.3353124619758647	0.5222683206599557	-0.1258716862630722	-0.1665058394607257
79	0.4553498057588472	-3.566182961141278	-3.0538245533557333	-2.1917773167868013	2.146451477353506	0.5994887225592902	0.3636156454179726	2.0493199582026485	-0.572148217206939	-0.6579297503767559	-0.7108202156504344	0.0443047642281593	0.7133991642275674	-0.4775766836851631	-0.3142926215820623	-0.7495504777108855	-0.0738573100025297	-0.0835496826647619	0.2892659146264398	0.1828423750755234
