label_id	archetype 1	archetype 2	archetype 3	archetype 4
1	0.92783737111203	0.0230402466686418	0.0444355204582883	0.0046868617610399
2	0.1487336356599275	0.5710849775176455	0.274629365863317	0.00555202095911
3	0.9430049065929262	0.0172044234221856	0.0352956535307053	0.0044950164541826
4	0.7520714908232075	0.1774555231946407	0.0598440249463253	0.0106289610358265
5	0.7562740816475619	0.0249643395998703	0.2159343193992843	0.0028272593532835
6	0.357079871395766	0.247747535706535	0.3873604110521776	0.0078121818455213
7	0.1886824659433009	0.3394486388557028	0.4648441672784088	0.0070247279225872
8	0.0091366912893408	0.3691091646272582	0.4813507230327443	0.1404034210506568
9	0.0056746000056655	0.6126246001281346	0.377113672231493	0.0045871276347068
10	0.4064164769738088	0.3803177337782624	0.1903232368711345	0.022942552376794
11	0.0787038975578145	0.2073588307293967	0.7037132431188293	0.0102240285939591
12	0.2345352173543459	0.3589471403109433	0.3772815817256009	0.0292360606091095
13	0.1653461771461853	0.2610188411313672	0.5381455846232641	0.0354893970991834
14	0.5653742973825211	0.0907924949329478	0.3356842495681583	0.0081489581163725
15	0.2839819471191322	0.1543491417100261	0.4684072190258407	0.0932616921450009
16	0.8671594475052475	0.0469960704738553	0.0792299788825491	0.0066145031383478
17	0.716861568403666	0.0951450155245913	0.1823463030075516	0.005647113064191
18	0.3391306300080665	0.3878270724172475	0.2415545121050601	0.0314877854696259
19	0.0272146627498733	0.8857956406316041	0.085619374805113	0.0013703218134093
20	0.5397977350175245	0.113765104254467	0.297364280508141	0.0490728802198675
21	0.9405552573972028	0.0176716161318461	0.0387253964187854	0.0030477300521656
22	0.3728765697943242	0.3404335646110116	0.1995550982445324	0.0871347673501319
23	0.8771748263148021	0.0297361689413783	0.0900613996950383	0.0030276050487811
24	0.0138546904815176	0.8454494921275202	0.1350760890431054	0.0056197283478564
25	0.2233333786933141	0.5512685275660618	0.1576809637937558	0.067717129946868
26	0.0014914354156151	0.8320012030241195	0.0610652857901298	0.1054420757701353
27	0.7949755710016669	0.1693663949097761	0.0289933873133997	0.0066646467751568
28	0.0266244095856766	0.7062921298082211	0.2596649961237956	0.0074184644823068
29	0.9911323826073396	0.000119938009366	0.0082293435973939	0.0005183357859001
30	0.9250123305391792	0.0092529463265514	0.0316600975929508	0.0340746255413187
31	0.0380136370469898	0.2025584599500471	0.7032545854779588	0.0561733175250045
32	0.9350767713378294	0.0120977576791857	0.0227972853866163	0.0300281855963687
33	0.2510583320111101	0.2930959443165731	0.4425263390861634	0.0133193845861534
34	0.2282045698095346	0.1033561706319566	0.6319886659401639	0.0364505936183449
35	0.7106854516542579	0.0907982277438082	0.1239980864499513	0.0745182341519823
36	0.0283788638128936	0.3604976375919169	0.1186396155778548	0.4924838830173347
37	0.0103995379026329	0.0863071913539305	0.0519780254315937	0.851315245311843
38	0.1422047600259692	0.0760975122026809	0.7619298252960838	0.0197679024752656
39	0.1756983927243864	0.2049933280554469	0.6137434497226594	0.005564829497507
40	0.1921656649748053	0.2695731895542752	0.524022539095609	0.0142386063753107
41	0.1266683949733318	0.0670050804733177	0.7330264513596813	0.0733000731936692
42	0.9153360855645344	0.0179355703176862	0.0644143007891127	0.0023140433286667
43	0.5854403515453589	0.113136470645914	0.2883679760767287	0.0130552017319982
44	0.4602348758169831	0.0989572920971072	0.0727995637181129	0.3680082683677967
45	0.8734183539235341	0.0639543057487692	0.0608083863251896	0.0018189540025068
46	0.6428606674750077	0.0967432979176804	0.2496541974539172	0.0107418371533945
47	0.8840915640129305	0.0215163314616542	0.0935607194853221	0.000831385040093
48	0.4437361476760922	0.2910556872176326	0.0691109666563301	0.1960971984499449
49	0.052219151290434	0.5706484004178486	0.2028442499532845	0.1742881983384329
50	0.3074421830798431	0.0222500576317877	0.1248963422539951	0.5454114170343738
51	0.9914985260251472	0.002240501389603	0.0058213962314222	0.0004395763538276
52	0.0381645955105406	0.3969550934079296	0.2112188473859688	0.3536614636955605
53	0.9329902285646908	0.0042326341330156	0.0610284470725582	0.0017486902297352
54	0.4399051744423248	0.2457606544068532	0.1425655717783092	0.1717685993725126
55	0.8884929306784335	0.0231949535653887	0.0638196699150473	0.0244924458411305
56	0.1006360139009177	0.0439011678598324	0.0537127654117832	0.8017500528274668
57	0.1855246067366009	0.2629402954224695	0.5330753109835996	0.0184597868573302
58	0.7125653838954462	0.0323800842062471	0.2402064485253182	0.0148480833729885
59	0.0510026375817805	0.6662306756538818	0.264201319935996	0.0185653668283415
60	0.405614006368953	0.5477561705510255	0.0410774439027319	0.0055523791772894
61	0.070501678970434	0.5123533750254411	0.2589456573709272	0.1581992886331977
62	0.9071018463956576	0.0063263864498193	0.0756487593637844	0.0109230077907388
63	0.0060886030893728	0.8864668217328562	0.07356255713359	0.033882018044181
64	0.2606673095108654	0.2491503933777499	0.4707354798286877	0.0194468172826971
65	0.0170026596306881	0.8842274954304922	0.0910110056174656	0.0077588393213541
66	0.0037185880690235	0.1901151482318296	0.0582581716279936	0.7479080920711529
67	0.0331051882213468	0.8571137303963994	0.1004276463980853	0.0093534349841682
68	0.1408708626605472	0.4838514786751556	0.3687695736123857	0.0065080850519112
69	0.0570456131573826	0.7080033584466384	0.2239387648545987	0.0110122635413802
70	0.0449397489801518	0.4541912015155398	0.4932924344107424	0.0075766150935656
71	0.0063541591995439	0.9373496036465944	0.0331015664373741	0.0231946707164876
72	0.0138927163673109	0.2744688898872727	0.5722606235502289	0.1393777701951876
73	0.0111646048044171	0.0433244339071206	0.9389646563915184	0.0065463048969434
74	0.005858976494615	0.94871012942263	0.042165665194778	0.0032652288879769
75	0.0816489308549141	0.3675533326009714	0.5441348986537924	0.0066628378903221
76	0.0041124893219664	0.0767694894111517	0.3306221512067197	0.5884958700601622
77	0.6475233902249683	0.2856321184565107	0.0472374048290916	0.019607086489429
78	0.0459245973530162	0.2017755631668502	0.6355043947044523	0.1167954447756812
79	0.4012441660776396	0.0098839953211375	0.0924046558553817	0.4964671827458411
80	0.0243712347940685	0.4130244668746128	0.5566077104255462	0.0059965879057723
81	0.0711355113582915	0.6267923758060973	0.2604093319691383	0.0416627808664726
82	0.0052977727366632	0.6780606199492877	0.3004658722728386	0.0161757350412106
83	0.0139911496403901	0.7674935172190964	0.2133065918468046	0.0052087412937088
84	0.0195504375068604	0.9297041378587088	0.0499318124007492	0.0008136122336812
85	0.5516638231531188	0.2500677507813414	0.1948334149434115	0.0034350111221287
86	0.0221612724459196	0.5866771948521793	0.3369674125762281	0.054194120125673
87	0.0006886811106797	0.0048419607625991	0.017847441934585	0.9766219161921362
88	0.0087192202975233	0.9514495533197296	0.0356196774745515	0.0042115489081953
89	0.0134288620458768	0.9403237086401498	0.0374661111737788	0.0087813181401944
90	0.077205112992252	0.7958971915427815	0.08537492966602	0.041522765798946
91	0.0056719046385669	0.879602056825992	0.1134927782506658	0.0012332602847753
92	0.0028888771759944	0.9119487977672684	0.0826335740741706	0.0025287509825667
93	0.4405410229332884	0.1881082627181813	0.0539323969041092	0.3174183174444211
94	0.071140395339801	0.4434818078487913	0.3621289978624903	0.1232487989489173
95	0.0125581813527362	0.2971770107314774	0.0609013423088042	0.6293634656069823
96	0.0229237231173948	0.2104954509934876	0.0979434333420199	0.6686373925470975
97	0.00325276008882	0.1062158857056021	0.5397453465253986	0.3507860076801796
98	0.011192056514409	0.0315491174777491	0.424556422062069	0.5327024039457727
99	0.012733177650552	0.7872388809918032	0.1987946301803966	0.0012333111772483
100	0.0013306975617304	0.019449973540557	0.0317408174134311	0.9474785114842814
101	0.0002141845200403	0.0054850786406706	0.0313937491572025	0.9629069876820864
102	0.0056983866557369	0.2300371861166488	0.023466440267677	0.7407979869599373
103	0.0083381470006742	0.7447864660073975	0.2103601950300801	0.0365151919618482
104	0.0245060816830554	0.6064993250478377	0.3531533811082279	0.0158412121608789
