label_id	archetype 1	archetype 2	archetype 3	archetype 4
1	0.2790050637133023	0.3632281249447485	0.2449877124199569	0.1127790989219923
2	0.8673580865264786	0.04309942917854	0.0796216909635598	0.0099207933314212
3	0.1254940930647572	0.2415986060681504	0.5966098965120158	0.0362974043550765
4	0.8750502718521078	0.0342613809884407	0.085762957096315	0.0049253900631367
5	0.851637643939695	0.046358292200286	0.0947931963584228	0.0072108675015961
6	0.3583055685844528	0.3908057280044166	0.2103338533518518	0.0405548500592788
7	0.6402167250507285	0.1438138300754157	0.1742554551303516	0.041713989743504
8	0.710951167449658	0.0949778868089013	0.1913092224766641	0.0027617232647763
9	0.9428697119048772	0.0196767496275752	0.033002910332233	0.0044506281353142
10	0.5196422559666822	0.2228163184870609	0.237569518011311	0.0199719075349457
11	0.3871311063405383	0.4203940269594803	0.1816978154213939	0.0107770512785874
12	0.1166055378881272	0.508540488170031	0.3623866471027978	0.0124673268390437
13	0.1187520781872362	0.1086462347285141	0.5508716770798014	0.2217300100044479
14	0.8578367673001585	0.083061341720868	0.0521926888420543	0.0069092021369193
15	0.4702724194608292	0.3281317367748774	0.1948910976704842	0.006704746093809
16	0.68605270778339	0.0836159281654588	0.1327492143931072	0.0975821496580442
17	0.6364303683313208	0.1700285852098409	0.1393177829230134	0.0542232635358252
18	0.7760081689866571	0.0528858961933619	0.1568285115982208	0.01427742322176
19	0.2195986183320261	0.5821591950275342	0.1719764628595549	0.0262657237808846
20	0.0991860218198638	0.4185737221676932	0.4689477657725052	0.0132924902399381
21	0.6156381513374808	0.2321553551075944	0.1351977762256422	0.0170087173292824
22	0.8710531961227898	0.0363949520191884	0.075030569879048	0.0175212819789737
23	0.5093889674256008	0.3463686737151887	0.1206679810613493	0.023574377797861
24	0.0142199664811128	0.6680749152701526	0.188907755848969	0.1287973623997655
25	0.9551421934472326	0.0082506039516965	0.0351408424497095	0.0014663601513613
26	0.0047091554393897	0.8567516370205924	0.0885127871510036	0.0500264203890142
27	0.499800395034688	0.2427922004885193	0.2380452788835345	0.0193621255932584
28	0.8790027747945905	0.0180663199160281	0.0729895238037745	0.0299413814856069
29	0.2304031177237133	0.3047974194579023	0.315702699252704	0.1490967635656804
30	0.5785352053487687	0.2051649320800601	0.1657066632917539	0.0505931992794173
31	0.9074269090188352	0.0431219647122032	0.0423240888602809	0.0071270374086805
32	0.0370770390860048	0.581969860092872	0.2116321750029128	0.1693209258182102
33	0.0603165317169043	0.6665649456774417	0.1669513467512781	0.1061671758543758
34	0.151556196582588	0.2368840769076295	0.2239534838004561	0.3876062427093262
35	0.9560683863385884	0.0059211710474631	0.0345865346991083	0.00342390791484
36	0.3162781917488079	0.4816422622568287	0.1344289640887116	0.0676505819056518
37	0.5666841623818122	0.1585482445416355	0.1575568505366851	0.1172107425398674
38	0.2981016278758312	0.1895250550359203	0.2299226678662101	0.2824506492220379
39	0.456356826523359	0.2265046788518095	0.2646679548126414	0.0524705398121898
40	0.2288921870553862	0.4809109979924126	0.2671085434502911	0.0230882715019102
41	0.323633799026344	0.3117777014452746	0.2388669825348245	0.125721516993557
42	0.2693604727047792	0.3661063784807182	0.2409143665275708	0.123618782286932
43	0.5648935492297213	0.323674511101592	0.0979623207972651	0.0134696188714214
44	0.4460388684545053	0.1207311907624287	0.2613022674630761	0.1719276733199897
45	0.032073689564873	0.097405113393337	0.1509431132929769	0.7195780837488132
46	0.0231572636928906	0.4656377612606815	0.1944674306203536	0.316737544426074
47	0.0549705134773317	0.5305218172893927	0.2996747962403285	0.114832872992947
48	0.0282632366462525	0.7108872007175345	0.2161431575920296	0.0447064050441833
49	0.2723423869878587	0.3612156973085195	0.224276739517871	0.1421651761857509
50	0.3080988287074477	0.2617535816292772	0.3255193075416014	0.1046282821216737
51	0.305312592808435	0.4490137333036465	0.176241603577104	0.0694320703108145
52	0.0566193754237294	0.5423082996414923	0.3235363042021705	0.0775360207326078
53	0.022954197080001	0.6396492061374298	0.2506161367975669	0.0867804599850022
54	0.673548813831813	0.2153991857175455	0.1073789078474009	0.0036730926032402
55	0.1561550203090844	0.3109044850201571	0.2218040898531404	0.3111364048176178
56	0.0560116489035402	0.712689481129681	0.1711212305584285	0.0601776394083503
57	0.0474834217494196	0.3277430594158068	0.2534065878879987	0.3713669309467748
58	0.1235672440180378	0.2185829451901179	0.2026781887151152	0.4551716220767285
59	0.2370513160459946	0.0958684419793467	0.1355059489827074	0.5315742929919506
60	0.157964835739218	0.5290251734203205	0.2615052058146096	0.0515047850258516
61	0.1268208999672197	0.6312829456176497	0.1864815093486302	0.0554146450665001
62	0.0675990603572443	0.6790551781077762	0.1226249175446925	0.1307208439902868
63	0.093293464465768	0.5882540462142555	0.2303258314308675	0.0881266578891087
64	0.0735845260740153	0.3729818719046825	0.4980469833655478	0.0553866186557542
65	0.2598448619653543	0.5049659329355306	0.2121315895830433	0.0230576155160718
66	0.0100900744936553	0.2409451236976089	0.2108344051429552	0.5381303966657807
67	0.1886254670446929	0.4588987407636051	0.2902075518635124	0.0622682403281897
68	0.8353669737662955	0.0084590855855335	0.1168652195978617	0.039308721050309
69	0.0391000127676494	0.6072236230768735	0.2632304749341543	0.0904458892213228
70	0.0076065559058359	0.802592080633836	0.1252845379273964	0.0645168255329315
71	0.1715944277495753	0.3608704513976257	0.3950056286855984	0.0725294921672002
72	0.7528419673959211	0.1503550283582711	0.0722837431311746	0.0245192611146331
73	0.6673298143403738	0.0664856579678003	0.0978687171446821	0.1683158105471437
74	0.0966074595358871	0.5492799836970417	0.2323770728206253	0.1217354839464458
75	0.0056584141747107	0.5844665252745401	0.2139591549308329	0.1959159056199164
76	0.0441500585819325	0.571817526148926	0.3023868304540797	0.0816455848150613
77	0.2102006346376684	0.4527905081245165	0.1781401993287282	0.1588686579090867
78	0.0806637452575035	0.603194357102177	0.1754198786949031	0.1407220189454165
79	0.0102384339745242	0.3564080029736082	0.1623411436257116	0.4710124194261563
80	0.0502099050582505	0.5606121700402372	0.1635680170007328	0.2256099079007792
81	0.0595312626647828	0.6861340171538369	0.209811610055402	0.0445231101259781
82	0.0185022403230124	0.129460167640783	0.1459786561382455	0.7060589358979589
83	0.0403172098486884	0.165765148102717	0.3596371812362692	0.4342804608123255
84	0.0089667098369435	0.504225740322504	0.2328653642720821	0.2539421855684705
85	0.0074271824957225	0.8384492698642604	0.1254457583651367	0.0286777892748803
86	0.0341924023750855	0.6237731069565656	0.327691787233936	0.0143427034344131
87	0.0329964550554645	0.298125333757761	0.3101735502162339	0.3587046609705406
88	0.0323033377241721	0.6232885889106237	0.3085437263828022	0.035864346982402
89	0.1026795320294833	0.4399003594403949	0.3967390553408027	0.0606810531893185
90	0.0177924462252948	0.553708823364779	0.2391974938981569	0.1893012365117693
91	0.0080846001709505	0.8164916078781953	0.1267623982987369	0.0486613936521175
92	0.0973890361055739	0.6607167097924004	0.1320104051606978	0.1098838489413276
93	0.5427252045800681	0.0353274468462421	0.2824652723905248	0.1394820761831646
94	0.1454158741597862	0.5085368520700958	0.1812301884927842	0.164817085277334
95	0.0276161664259731	0.4296630748230784	0.3247037020572105	0.2180170566937381
96	0.0520949279293532	0.5993449072827545	0.1631173773381148	0.1854427874497778
97	0.0491743160091814	0.3355634378190723	0.1558421738636354	0.4594200723081112
98	0.032140168220612	0.5880908093031031	0.1718866853854736	0.207882337090811
99	0.0363672577325663	0.2268843494175974	0.5610883008727794	0.1756600919770569
100	0.0981071611648525	0.5695584515214199	0.2573937478962928	0.0749406394174349
101	0.0376090271487363	0.2679721388486706	0.3112350348750031	0.3831837991275896
102	0.021938520714684	0.342325897423177	0.3309732568241519	0.3047623250379872
103	0.0169666180533484	0.3801091692587673	0.2863432155868098	0.3165809971010741
104	0.0128569830609407	0.1192528944175221	0.1989351525982253	0.6689549699233117
105	0.008166372547854	0.2145133984843761	0.3947064206913541	0.382613808276416
106	0.0590736131567688	0.1466207640444976	0.5417427498169398	0.2525628729817937
