label_id	archetype 1_archetype_CFOR_probabilities	archetype 2_archetype_CFOR_probabilities	archetype 3_archetype_CFOR_probabilities	archetype 4_archetype_CFOR_probabilities
1	0.5048369137868866	0.1724459775628164	0.1526414184315133	0.1700756902187835
2	0.9318940818589898	0.0090834845388219	0.053953656336648	0.0050687772655399
3	0.8804081358131179	0.019293982475767	0.0954580787211275	0.0048398029899875
4	0.6946193781826993	0.1880868295968123	0.1119648643375076	0.0053289278829806
5	0.91379864313171	0.0070970268380609	0.0777029201904935	0.0014014098397351
6	0.0214116707650669	0.0428049036611339	0.5968163271412272	0.3389670984325715
7	0.1751486393222054	0.6375661672667546	0.0998851262256731	0.0874000671853666
8	0.1117488172801909	0.1399307523075843	0.2098441739504104	0.538476256461814
9	0.9239832850049824	0.0093310162282864	0.0595200027910327	0.0071656959756984
10	0.0712962485134199	0.8339606901844978	0.0713281244440487	0.0234149368580337
11	0.508662744542735	0.249394612043098	0.1956909202092031	0.0462517232049636
12	0.4360990916912132	0.3859451897217938	0.1358585120814869	0.0420972065055059
13	0.671236439129699	0.1852203553457459	0.1236408306342673	0.0199023748902874
14	0.2008408876618751	0.5605912804750738	0.133808352074335	0.1047594797887159
15	0.6572323749479084	0.1714420521651656	0.1465168400564301	0.0248087328304957
16	0.0980771234717279	0.5742937618880327	0.2127780180898879	0.1148510965503511
17	0.0580537405252836	0.6569871149485853	0.2140215500400025	0.0709375944861285
18	0.0510589724242407	0.7724832218122001	0.1626321486180491	0.0138256571455098
19	0.030199440227898	0.798446122607432	0.1501572148618522	0.0211972223028176
20	0.9750383803969777	0.0031147589822859	0.0197319938696096	0.0021148667511269
21	0.9611205054699454	0.0041737247189375	0.031862811720871	0.0028429580902458
22	0.3242784342658768	0.3430774895776932	0.3084006385071666	0.0242434376492633
23	0.7079560026687509	0.1194242862574241	0.1433513120869254	0.0292683989868995
24	0.8840622648348742	0.0317791562081185	0.0663807332878816	0.0177778456691256
25	0.0600222992040984	0.6416098344067397	0.1309362815711169	0.1674315848180449
26	0.5863075776151322	0.2452576630919744	0.1174459070543143	0.0509888522385788
27	0.320974466037406	0.3772071664532071	0.14110755396723	0.1607108135421568
28	0.0639749198040885	0.5177953641641381	0.1911290617417093	0.2271006542900638
29	0.0389493198056785	0.7171445519868045	0.212580194932434	0.0313259332750828
30	0.7304196161022355	0.0540235991318144	0.1952910924385338	0.0202656923274163
31	0.8826848392852941	0.0217272466440233	0.073625017979768	0.0219628960909145
32	0.1235234230288468	0.4277501914905382	0.3424102786336049	0.1063161068470098
33	0.0807998909126228	0.7432804455547898	0.1496347924021293	0.0262848711304578
34	0.0554607831115663	0.5873883835158908	0.3387896575502473	0.0183611758222953
35	0.075744129167705	0.5161771020575745	0.2731020044665018	0.1349767643082187
36	0.7073446953544945	0.1033650709118601	0.1446544823478824	0.0446357513857634
37	0.0657549079416668	0.7076333636670556	0.1167982348301681	0.1098134935611095
38	0.799632200597083	0.064191004441004	0.1273853539961368	0.0087914409657762
39	0.0893036545317556	0.1040135713030625	0.3879005728903515	0.4187822012748302
40	0.5996338747451787	0.1052999489990857	0.1946887566015609	0.1003774196541747
41	0.0329018014305604	0.6355034697467477	0.1586064219171945	0.1729883069054971
42	0.2416311198286207	0.1505567484753769	0.5956100585188595	0.0122020731771427
43	0.2834870251972555	0.4606423374480592	0.2427203255951365	0.0131503117595487
44	0.7648154337906465	0.1204218609125336	0.0760563000862843	0.0387064052105352
45	0.0164928386076484	0.4228336047533419	0.094854643332099	0.4658189133069106
46	0.8176952394316628	0.0471176868158997	0.0941947909394531	0.0409922828129841
47	0.0434129377715125	0.6445788392450401	0.1781277734212338	0.1338804495622136
48	0.1406069421035934	0.6505545639562305	0.1877896133251173	0.0210488806150586
49	0.4977576187581917	0.2736503259789015	0.1915781042727318	0.0370139509901747
50	0.0871497857901595	0.6385835450501534	0.2512053190856569	0.0230613500740297
51	0.3500026952978167	0.4607673212531031	0.1791505858332803	0.0100793976157998
52	0.3607056666089441	0.3114493115894532	0.216987516185241	0.1108575056163614
53	0.1455785744001685	0.4197742700138326	0.3123943507321261	0.1222528048538723
54	0.8634495240537592	0.0112647023187625	0.0969911138139756	0.0282946598135022
55	0.2215067694340139	0.150571063707221	0.3698824253334757	0.2580397415252893
56	0.1300739824123378	0.4767245494471283	0.165681470501578	0.2275199976389556
57	0.2829339246092556	0.1204451452669103	0.2264140342151565	0.3702068959086775
58	0.1374157207530982	0.6089868454152616	0.1927448379472331	0.0608525958844071
59	0.0371947662623446	0.6019612824450872	0.1915773073470362	0.1692666439455319
60	0.8106007782096041	0.0938138318457845	0.0659721261697306	0.0296132637748807
61	0.1347356956491976	0.4566962346997978	0.2325302017033546	0.1760378679476499
62	0.1195855740115842	0.3577387701654455	0.1850981751747307	0.3375774806482395
63	0.5519430044585635	0.2121399681721796	0.1361582600767769	0.0997587672924798
64	0.0346823323420173	0.6506035468974554	0.2740350165521204	0.0406791042084066
65	0.7394303850543646	0.0524187628704381	0.1591780705091727	0.0489727815660244
66	0.0557632131372343	0.5850907559383509	0.2493722032041577	0.1097738277202571
67	0.1344329548214203	0.4346293544216825	0.2365904660285298	0.1943472247283675
68	0.3979568978573989	0.375314769317437	0.1842891220564403	0.0424392107687235
69	0.4179466844329754	0.3684533486318133	0.181092427002415	0.0325075399327961
70	0.0139710210482662	0.7247673669606619	0.1724828027286087	0.0887788092624629
71	0.0151433446563721	0.4343541101378673	0.2233073398937681	0.3271952053119923
72	0.8901250911397178	0.0297016393498962	0.059398402169787	0.0207748673405987
73	0.6032323481110442	0.0363657974015116	0.2102618867497622	0.1501399677376817
74	0.8183479111679441	0.0108384496845655	0.1208512662243988	0.0499623729230916
75	0.0603655605499554	0.6812568799023948	0.1697191224301423	0.0886584371175077
76	0.5831764264869009	0.2042379981765336	0.1292799432211669	0.0833056321153981
77	0.2554761519102476	0.1758204215937319	0.2016225277937229	0.3670808987022973
78	0.2653955691595863	0.4911551121664332	0.1705587686031895	0.0728905500707909
79	0.2692280086376587	0.1186320768301951	0.3694543497573688	0.2426855647747774
80	0.0442246061899752	0.5381446118467966	0.2786641703951938	0.1389666115680342
81	0.3941987742903977	0.4414808805285268	0.1213510295221859	0.0429693156588896
82	0.1200517233877348	0.470537888244402	0.2587935540360574	0.1506168343318057
83	0.0236398070206766	0.7717089552292248	0.1271438527178745	0.077507385032224
84	0.0429861798747608	0.4900206175063281	0.2307526976840817	0.2362405049348292
85	0.0373318282850622	0.7012264353322096	0.2065178200803939	0.0549239163023339
86	0.0475030626817347	0.7146131342790126	0.1982710263188164	0.0396127767204361
87	0.1810631801980073	0.4022827275769855	0.1680867375211402	0.2485673547038669
88	0.1267207364041683	0.6041205148686186	0.2110032672906672	0.0581554814365456
89	0.8565044042789552	0.0105952943216705	0.1032113600520491	0.0296889413473251
90	0.1074313612983892	0.3337910515122341	0.4457404631143081	0.1130371240750682
91	0.0044363515138818	0.1361837298633467	0.1276651509923312	0.7317147676304403
92	0.0083166526500192	0.159734018713662	0.1731802063300114	0.6587691223063074
93	0.0373499825163218	0.4470227713939305	0.3692359442715932	0.1463913018181542
