label_id	archetype 1	archetype 2	archetype 3	archetype 4
1	0.9432868190309124	0.0125006449598437	0.0172138674498813	0.0269986685593624
2	0.9638855447643392	0.0122176874888368	0.011072448790453002	0.0128243189563713
3	0.7180332127659026	0.019139482257718003	0.2544463833190328	0.0083809216573464
4	0.0099974768647608	0.5978983182778727	0.2355177557909187	0.1565864490664474
5	0.5370381076444215	0.0219629974215449	0.1380223928575413	0.3029765020764923
6	0.7313992092772765	0.058445060374965996	0.1959116919822497	0.0142440383655077
7	0.0024399209608460004	0.9340098310458894	0.054270146362398	0.0092801016308664
8	0.2742778352344902	0.2730048617794247	0.3693807356498652	0.0833365673362199
9	0.9767445817643616	0.0100377899462286	0.0125295087193443	0.0006881195700653
10	0.9572578122875859	0.0089005726675456	0.033394351120729	0.0004472639241394
11	0.0090708924781702	0.2722637052177628	0.6807700616702417	0.0378953406338254
12	0.1658375088136306	0.5618383606078348	0.2681965487611835	0.0041275818173508
13	0.5052557238131	0.4392487339735672	0.0460122523154017	0.009483289897931
14	0.8633220264541079	0.0609218218776432	0.0683813674811224	0.007374784187125999
15	0.9691606395893876	0.0102319085184487	0.020015626518103	0.0005918253740602
16	0.0037876673940765	0.8476809347674621	0.1262930614730095	0.0222383363654516
17	0.0254454688374696	0.8847377537687721	0.0880820702511929	0.0017347071425654
18	0.0157012876083141	0.8196424200379097	0.1142965732293125	0.0503597191244636
19	0.9362503683412668	0.0172561085359695	0.042521092964487	0.0039724301582764
20	0.2156537567470477	0.2397143423468581	0.534081507146548	0.0105503937595466
21	0.7689785770287147	0.0275936460525924	0.0974753138022194	0.1059524631164732
22	0.0891373165454493	0.7011764135472973	0.2027372175951667	0.0069490523120864
23	0.7992008273171065	0.0213672557825116	0.1772459925386629	0.0021859243617188
24	0.9319515126385552	0.0025865188188549	0.0642608552018164	0.0012011133407731
25	0.1400239363010883	0.3855766610811119	0.4590371011235582	0.0153623014942413
26	0.0349765939941158	0.86979770547066	0.0873448808829447	0.0078808196522795
27	0.1821895209150265	0.3700933939958877	0.4365149408171125	0.0112021442719732
28	0.9331933645948292	0.0197729186984851	0.0436628901420552	0.0033708265646303
29	0.0563416668163598	0.6861927661599887	0.2482948596229527	0.0091707074006986
30	0.9163919254452522	0.0201819012271228	0.0612930879471666	0.0021330853804584
31	0.4238219269704277	0.2550959927397155	0.3133226188569099	0.0077594614329467
32	0.0024205038012386	0.8761079005150296	0.0429083912779627	0.0785632044057688
33	0.264690859858237	0.1853875203603437	0.5243651672959363	0.0255564524854832
34	0.342970562954641	0.3175272914375446	0.3240176574131971	0.0154844881946171
35	0.9093245664379264	0.0108003910420531	0.0783265731337451	0.0015484693862753
36	0.8723906060629201	0.0360838615023569	0.0900796250024338	0.0014459074322893
37	0.1099631787242122	0.3893063564577826	0.4746391389602886	0.0260913258577163
38	0.0633398677481184	0.0287974125290484	0.7992384032152701	0.10862431650756299
39	0.0917845058428854	0.2540565482246396	0.6456364100629082	0.0085225358695667
40	0.605593673704845	0.1254597481919404	0.2492015557711947	0.0197450223320197
41	0.1196490859178434	0.1015425363035538	0.7657072947977756	0.0131010829808271
42	0.9765246154209204	0.0039742929799825	0.0130068366886256	0.0064942549104713
43	0.9904495496013908	0.0023638698421988	0.006761097636204001	0.00042548292020599997
44	0.4228673251115517	0.5190547981108332	0.0509212427452266	0.0071566340323888
45	0.0036016623554342	0.1174207975504646	0.0255290577495342	0.8534484823445669
46	0.6111491235559163	0.2697939990119242	0.1125589137189923	0.0064979637131672
47	0.0046592886309264	0.8389827054823592	0.081037999442655	0.0753200064440595
48	0.3783716349091395	0.1676090904424269	0.4471065735629374	0.0069127010854956
49	0.9749263303935513	0.0054417309715193	0.0184227112793667	0.0012092273555629
50	0.3551614675060351	0.5025779226015817	0.1375772546221453	0.0046833552702378
51	0.0102948646558747	0.5802736972024397	0.3353632047064946	0.0740682334351909
52	0.0050768331416948	0.905480873238011	0.0884141700421822	0.0010281235781116
53	0.0081354166397725	0.5958306733368671	0.3909911115502943	0.0050427984730662
54	0.0339858512019823	0.8876210202840582	0.0683229553752244	0.0100701731387346
55	0.0847667447296126	0.8596306733678525	0.0460717081250462	0.0095308737774886
56	0.7918594469222433	0.0822067582561883	0.124395278465482	0.0015385163560859999
57	0.0090002945402103	0.8635085888008771	0.1239531338909448	0.0035379827679677
58	0.0240391433323854	0.821491998092883	0.1492420846008255	0.0052267739739059
59	0.0220188708413949	0.7144452061868294	0.1688696187746085	0.09466630419716698
60	0.7397689919009289	0.0713618329547351	0.141885402664116	0.0469837724802198
61	0.0953373086277595	0.5193774890803744	0.3737559292538081	0.0115292730380581
62	0.0072448543519923	0.8479221740891072	0.1425374698450425	0.0022955017138579
63	0.2655594456978674	0.16372536967241	0.5662055030488367	0.0045096815808854
64	0.0066595710234106	0.8653821153905741	0.1257769925912738	0.0021813209947415
65	0.016513284168628	0.4501129503403525	0.5043543032439092	0.0290194622471104
66	0.9129744523288138	0.0112361210121999	0.0253465346030532	0.0504428920559326
67	0.0034089316821897	0.8797292917022529	0.1152706470619343	0.0015911295536229
68	0.0014462512508509	0.8710044051308331	0.1237259352976234	0.0038234083206925
69	0.9581140021976208	0.0017631202807548	0.0334435121866281	0.0066793653349962
70	0.0056628688789992	0.8136794714584716	0.1774013522638023	0.0032563073987267
71	0.0092672139250012	0.8913657390573411	0.09081465927858999	0.0085523877390677
72	0.2545826331311775	0.3369211157636723	0.2963453199464118	0.1121509311587381
73	0.1884961035284687	0.2436190823278331	0.5467875789181005	0.0210972352255979
74	0.3027990944508344	0.4194157685084534	0.2618818029146538	0.0159033341260583
75	0.0045438076532781	0.8286444942034344	0.1524858928137425	0.0143258053295448
76	0.0175790938891947	0.8247302224185995	0.1567822176203613	0.0009084660718441
77	0.0033722016630894	0.8359289046095132	0.1589812919494602	0.0017176017779371
78	0.063191022933155	0.236137970975108	0.6828491696574213	0.0178218364343158
79	0.1174791180101276	0.1662433860170422	0.6930887334275647	0.0231887625452653
80	0.5306227092825567	0.294792489019057	0.1559800479060226	0.0186047537923634
81	0.0032609660468878	0.8481036572506554	0.1058744276109873	0.0427609490914695
82	0.1234472095579346	0.6244196295753836	0.2451434860331366	0.0069896748335454
83	0.0022111133344925	0.9314685334362413	0.0657441905815124	0.0005761626477538
84	0.0082040234922386	0.8599091817702068	0.1302965649424047	0.0015902297951496
85	0.0154043320541765	0.8138578080998358	0.147376094172226	0.0233617656737615
86	0.4314948623293966	0.0261367536761702	0.36731725852722996	0.1750511254672032
87	0.722278904659419	0.020058962935448003	0.1461819775141415	0.1114801548909913
88	0.0271391000336776	0.8309210565419914	0.1366723232993283	0.0052675201250024
89	0.1463964570614785	0.6949970170921994	0.1457441220993028	0.0128624037470194
90	0.2145978331430109	0.2394077930660871	0.2141441781847037	0.3318501956061983
91	0.0308800890950634	0.741365996288806	0.2010517977467451	0.0267021168693851
92	0.0501376674159869	0.1634214786829153	0.0353365362712947	0.7511043176298028
93	0.6413194361447208	0.0221646108103802	0.1044579710486405	0.2320579819962581
94	0.0474670217874714	0.2180283385604432	0.4628580458282407	0.2716465938238447
95	0.0007524643283577	0.0381338572877946	0.0572909633792759	0.9038227150045716
96	0.1206786051545109	0.079522088216606	0.3533635489177253	0.44643575771115795
97	0.0050146808426071	0.6735001359401097	0.147331260376552	0.1741539228407308
98	0.0073509454926153	0.0450785045418108	0.0407688527829743	0.9068016971825994
99	0.011724751676780002	0.0122758014238773	0.0449675378487628	0.9310319090505798
100	0.0003459480903769	0.0149188636102323	0.0022707381039045	0.9824644501954864
101	0.0007840138556726	0.0122067210509048	0.0217555334489819	0.9652537316444408
