label_id	archetype 1	archetype 2	archetype 3	archetype 4
1	0.183571560088512	0.5149923715015158	0.2974239964278413	0.0040120719821307
2	0.9297518162733488	0.0030674039816992	0.0644227906464703	0.0027579890984815
3	0.8825070998759721	0.023415220046857	0.0925902130919619	0.0014874669852088
4	0.3622069078482389	0.2723307976577364	0.3332286243919945	0.03223367010203
5	0.4244765853826571	0.0441156588636943	0.5174605618403717	0.0139471939132769
6	0.9896937762318876	0.0018970434741988	0.0077556566807142	0.0006535236131992
7	0.8784676081501283	0.017452695976682	0.0988440383567242	0.005235657516465
8	0.8874519297220719	0.0594966378349245	0.0500577082406801	0.0029937242023234
9	0.9528148246781796	0.0159124849669717	0.0243132334462848	0.0069594569085637
10	0.9135593915522896	0.0158047927414339	0.0674882353259212	0.003147580380355
11	0.9168358349747474	0.0119446860375312	0.0688348475964484	0.002384631391273
12	0.6933862025641562	0.1227485098095014	0.1742687445146701	0.0095965431116724
13	0.7153375161272884	0.1281702913128505	0.1526037114250345	0.0038884811348266
14	0.4607794035509135	0.3414848016009309	0.1816884111272668	0.0160473837208886
15	0.0097331458159116	0.8283877398083063	0.1601823611970187	0.0016967531787631
16	0.7024886855136999	0.1240223477698195	0.1478359487122784	0.0256530180042021
17	0.0182075470391304	0.0440309072289743	0.9027882256545072	0.0349733200773882
18	0.0590395567166506	0.727374221492502	0.2100150919427594	0.0035711298480878
19	0.0096670151352612	0.6323514817162893	0.3249835874289538	0.0329979157194959
20	0.935374267586581	0.0128920906179853	0.0506727782233264	0.0010608635721073
21	0.0928339296702577	0.3808488943141646	0.4984008773013201	0.0279162987142576
22	0.0197140882535728	0.7892479569929729	0.1877891009947951	0.0032488537586593
23	0.1118052973475257	0.2587578944324223	0.618078961718287	0.0113578465017646
24	0.8753470157889797	0.0441375882928989	0.058863241316342	0.0216521546017795
25	0.8465631572969338	0.0193899270401519	0.1055119953679194	0.0285349202949951
26	0.4993314178285177	0.1152449280020788	0.369300613978139	0.0161230401912644
27	0.673146952197923	0.0439611480396308	0.2669119344890876	0.0159799652733585
28	0.1147104842672619	0.4972785862379847	0.3665582397490234	0.0214526897457299
29	0.8623578130852378	0.031555709249497	0.095266411496889	0.010820066168376
30	0.0046541407072172	0.689443998563584	0.3002598674372209	0.005641993291978
31	0.6621361455815253	0.0706690115232496	0.2538136701277825	0.0133811727674421
32	0.0258766894855895	0.1214182129545025	0.6507019485512642	0.2020031490086437
33	0.611522692314854	0.0523653537410267	0.2462112548564021	0.0899006990877171
34	0.2692688497779487	0.4933598035759455	0.2176722432154798	0.0196991034306257
35	0.0019544196416476	0.8640202819469668	0.1097009001908502	0.0243243982205349
36	0.1810406240424922	0.5257464327856703	0.281512160720224	0.0117007824516135
37	0.0406433900316637	0.1664686312917807	0.7189838630273917	0.0739041156491636
38	0.2090711013386953	0.1052904928392492	0.4429856150721937	0.2426527907498618
39	0.647073436152411	0.2662100702185659	0.084305309986566	0.0024111836424572
40	0.9327224925998776	0.0301777903221291	0.032741944519543	0.0043577725584499
41	0.8416238024110331	0.12122367040256	0.0305345374277105	0.0066179897586965
42	0.104184620953397	0.0746331891022394	0.788503060693673	0.0326791292506903
43	0.2043362121993299	0.7130255050686272	0.0772131556565596	0.0054251270754831
44	0.0896754285406031	0.1495713171753684	0.4352197140812783	0.32553354020275
45	0.0670580533747779	0.7627051465371494	0.16547572705006	0.0047610730380125
46	0.0012001939811613	0.2019329934333696	0.0322072403510576	0.7646595722344115
47	0.0047362850094801	0.2666275487893548	0.5596935534211714	0.1689426127799934
48	0.1743518700699456	0.5762804451781895	0.1644177797106895	0.0849499050411752
49	0.0128943157783649	0.0535637402856244	0.1112097161429038	0.8223322277931069
50	0.1324075851086104	0.6381610132188196	0.1916157117508245	0.0378156899217455
51	0.5726633227757976	0.0499064170394006	0.2915277945027728	0.085902465682029
52	0.1590249037572648	0.1704106008612344	0.6348587114031855	0.035705783978315
53	0.0421665959552826	0.7727543331943042	0.1705234170779987	0.0145556537724146
54	0.0891182352511833	0.3440150677941789	0.2150384924990508	0.3518282044555869
55	0.0471243634704409	0.4561821723306132	0.2437782571656759	0.2529152070332697
56	0.5664403032238219	0.0302374233097226	0.3309511053664266	0.072371168100029
57	0.1174316150616223	0.0492267150575021	0.7503956913247907	0.0829459785560848
58	0.082515434422436	0.272911387667227	0.6386603266678488	0.0059128512424879
59	0.044406375663997	0.6725393336981359	0.1592592887114637	0.1237950019264035
60	0.1149554941110751	0.0519909770810674	0.6427213031161152	0.1903322256917421
61	0.0053069220076225	0.4844604952641241	0.4741165250365075	0.0361160576917459
62	0.0312238655388028	0.4800708062257593	0.0665131413091448	0.422192186926293
63	0.005713645230296	0.91018806375489	0.0822756774630886	0.0018226135517252
64	0.0172272242300961	0.7701270366576826	0.1827017585297603	0.0299439805824609
65	0.0131384218871771	0.2547687521129397	0.6424630464241368	0.0896297795757463
66	0.1907293587412573	0.1092264430269926	0.5524288006193278	0.1476153976124221
67	0.0155781395506929	0.0917233895734791	0.1248499129476703	0.7678485579281578
68	0.1270638086554122	0.0066495612133584	0.350158965958805	0.5161276641724241
69	0.0128298811610159	0.0132355855728571	0.0644058118582047	0.909528721407922
70	0.0064770968569138	0.5070966427621736	0.4644510223031071	0.0219752380778051
71	0.0031906874831245	0.6001372784040578	0.2904948076521292	0.1061772264606885
72	0.0029961429456944	0.5440741652759378	0.4368299709282855	0.0160997208500824
73	0.0013604794177807	0.8872089430101374	0.0995466458171302	0.0118839317549511
74	0.0046391192681086	0.7646244984498284	0.1540114217518912	0.0767249605301717
75	0.0050455733167986	0.7021441449865677	0.1623191605795206	0.1304911211171128
76	0.0037249724203195	0.0135549542476601	0.0109286815959427	0.9717913917360776
77	0.0040156809481041	0.6870537401675967	0.2329058658015778	0.0760247130827212
78	0.0028592979739685	0.0156543803375526	0.0140776217096458	0.9674086999788328
79	0.0027481356635232	0.8540505760273723	0.1102042042087102	0.0329970841003945
80	0.0022683686785416	0.17455690235645	0.0842624853691079	0.7389122435959004
81	0.0081475909189582	0.7798525204613614	0.2077056110457781	0.0042942775739022
