label_id	archetype 1	archetype 2	archetype 3	archetype 4
1	0.7313175658119971	0.0224421033124826	0.2175427193987424	0.0286976114767779
2	0.5454602121951873	0.2841300079110253	0.159698727898829	0.0107110519949583
3	0.009853571589814	0.8713784963266687	0.1167776682887192	0.0019902637947981
4	0.8672890484776408	0.0692210299231107	0.0591628754852912	0.0043270461139571
5	0.0154371797008505	0.0554936183934878	0.9252085204069578	0.0038606814987037
6	0.9248045823455294	0.0380297874370733	0.0278032382251525	0.0093623919922444
7	0.8994115264799838	0.0249291364879991	0.0712897681537928	0.0043695688782244
8	0.0192044740282727	0.1391959385326864	0.8377547818320517	0.0038448056069892
9	0.7197061585100268	0.125138574511881	0.147751501216957	0.007403765761135
10	0.5235672009158076	0.421057847756506	0.0423946107329087	0.0129803405947778
11	0.971432573794808	0.0043657370886507	0.0227608360895907	0.0014408530269503
12	0.3061156111170967	0.5178027916116165	0.1507579328899342	0.0253236643813525
13	0.559076436336356	0.3888160902901226	0.0463112861200978	0.0057961872534237
14	0.4018252462096192	0.0243735816098823	0.5557198917225552	0.0180812804579431
15	0.0186987123983356	0.6412985548856867	0.334095051564893	0.0059076811510844
16	0.0288692580474924	0.8465291717509894	0.1074054320993369	0.0171961381021815
17	0.0066053887960617	0.8097157984660733	0.1815314069037087	0.0021474058341562
18	0.0032047824651073	0.0546662277070725	0.258181087808838	0.6839479020189818
19	0.3930070064572526	0.0415281998601715	0.5518369929241449	0.0136278007584307
20	0.0492989762807822	0.395910673786962	0.5191818680816053	0.0356084818506506
21	0.6822365297551579	0.0747040372389617	0.2362799655514446	0.0067794674544357
22	0.9809849781886196	0.0058903775431479	0.0120799050612095	0.0010447392070231
23	0.785031817728842	0.0373308394608479	0.1202310152259793	0.0574063275843303
24	0.481458321557784	0.04067207618753	0.4743062091509572	0.0035633931037286
25	0.2620341524934667	0.0174621488598103	0.0812737378104024	0.6392299608363202
26	0.6069704239993309	0.1224075481112006	0.2666757804970608	0.0039462473924072
27	0.9715981977118342	0.0181841060290067	0.0089289000764722	0.0012887961826869
28	0.96177682440026	0.0050602562667092	0.0324760406695693	0.0006868786634611
29	0.8366570711509013	0.0480105045135544	0.1094816783951785	0.0058507459403656
30	0.0140240451361449	0.8224756982048613	0.160874625822349	0.0026256308366448
31	0.9053475907815096	0.0281290432948974	0.0641295426797708	0.0023938232438223
32	0.9544642390676008	0.0206323106561525	0.0189713467950174	0.005932103481229
33	0.0118138391179042	0.5737009721369624	0.3959716852675147	0.0185135034776184
34	0.0010089696225721	0.8404448995755701	0.1574706785551502	0.0010754522467075
35	0.1106083573663945	0.3327019520219437	0.5435260073796765	0.0131636832319851
36	0.6245460870155153	0.1064850175393505	0.2558781444871281	0.0130907509580059
37	0.1083351850497186	0.0994435366637942	0.0938965061499637	0.6983247721365237
38	0.0176149556418277	0.3061328817306172	0.6044375342161762	0.0718146284113787
39	0.8942150219748286	0.0547373092329854	0.0445784256090792	0.0064692431831066
40	0.067399205099803	0.4821708580848101	0.4189555014540707	0.0314744353613161
41	0.0220690142698401	0.4501827749079675	0.5038678336503093	0.023880377171883
42	0.0493620118024885	0.612200652102151	0.2489351043652185	0.0895022317301418
43	0.1617562238348993	0.2792512304190843	0.5206966317688165	0.0382959139771998
44	0.7120796783027509	0.0380832168835255	0.1545196540509864	0.0953174507627372
45	0.4487091509965124	0.100776917142645	0.4436588638236958	0.0068550680371465
46	0.8857717415645292	0.0424660492627177	0.0565673543863785	0.0151948547863745
47	0.3041180662816141	0.5137185608575395	0.1396783570171104	0.0424850158437358
48	0.001947172837485	0.2474202382106229	0.1393770697880834	0.6112555191638085
49	0.3482376434026852	0.0487698684002829	0.3347022943251558	0.2682901938718759
50	0.0541672019217853	0.6417714520991749	0.2365704051081505	0.0674909408708893
51	0.8229034463037143	0.0528303158794159	0.1206522538398601	0.0036139839770095
52	0.0016959996004076	0.103280039543582	0.2468043205597074	0.6482196402963031
53	0.0132682173769632	0.0274980036118195	0.035952130039838	0.9232816489713794
54	0.1369727338051257	0.7450833698431962	0.1068153525568979	0.0111285437947801
55	0.1203196139601549	0.835907769174684	0.0401026275202256	0.0036699893449351
56	0.00166286008638	0.0101093602988091	0.0479288383990276	0.9402989412157832
57	0.0570499573188995	0.8308418632397503	0.1081593374445363	0.0039488419968137
58	0.0149529470006578	0.1201191500106744	0.090526004185135	0.7744018988035328
59	0.0318400040149534	0.1663578084456594	0.6696525827836962	0.1321496047556908
60	0.1436275712855936	0.621022954549938	0.057558853543481	0.1777906206209872
61	0.131941017019186	0.7041100354042991	0.1507914554653008	0.013157492111214
62	0.0015444435264373	0.0852380159847343	0.0231324894827918	0.8900850510060367
63	0.013685157452665	0.0713677159117453	0.0280981037711808	0.8868490228644088
64	0.2898697860358442	0.0234123355807867	0.6182499584047434	0.0684679199786258
65	0.3880481116036591	0.0582617030088024	0.3760170422882175	0.177673143099321
66	0.2816796903687901	0.2668227197295723	0.2878886668889133	0.163608923012724
67	0.0069251970942668	0.3053434110160195	0.6634187808296974	0.0243126110600163
68	0.0070835074939684	0.4877628493050888	0.1266431991842942	0.3785104440166483
69	0.1665096341645345	0.4556623503798825	0.3625989544659557	0.0152290609896271
70	0.8973114846302718	0.036730096190765	0.0592904167908727	0.0066680023880904
71	0.0019704958862766	0.1092380817665557	0.8600738515525855	0.0287175707945823
72	0.0029336487033731	0.9362716856256362	0.0500796520785827	0.0107150135924077
73	0.0192385425685582	0.7101836559447502	0.1748327426697589	0.0957450588169327
74	0.0932118263126749	0.2048719423860656	0.6074502587943044	0.0944659725069547
75	0.0077875824966437	0.8163281507633987	0.1151353053673264	0.0607489613726314
76	0.0085881733806596	0.753823793909175	0.0627062859986071	0.1748817467115581
77	0.0371635765669595	0.0849942904685499	0.8013998277739617	0.076442305190529
78	0.0115372020311881	0.0838087900803631	0.7093759372931434	0.1952780705953054
