label_id	archetype 1	archetype 2	archetype 3	archetype 4
1	0.4534388207212052	0.4488821168585893	0.0821754402614046	0.0155036221588005
2	0.0002601143519029	0.0006804234465459	0.0016027702276151	0.9974566919739359
3	0.0116645376428131	0.0597921474042178	0.0387929755438869	0.8897503394090818
4	0.07053444493154	0.2499151711327366	0.6771228341665031	0.0024275497692203
5	0.0026656513786658	0.7844996140551944	0.2100627441624399	0.0027719904036996
6	0.9219821031165172	0.0369698640183949	0.035394767306476	0.0056532655586115
7	0.0047846934518136	0.7994130199725575	0.1759401049977917	0.0198621815778368
8	0.0439707994707275	0.0131384795562785	0.0262459326772972	0.9166447882956968
9	0.0505531011168375	0.6869628677948706	0.2435967844511524	0.0188872466371396
10	0.1968049393565644	0.362906546694581	0.3506939059065078	0.0895946080423472
11	0.1438683160203942	0.4652015388130595	0.2980165835296259	0.0929135616369204
12	0.8048625547911118	0.0478690496707806	0.1451040657420495	0.0021643297960581
13	0.0007341101942416	0.0027532356820057	0.0055982207268055	0.9909144333969471
14	0.0434937720301842	0.4214443648021848	0.5169179982405148	0.0181438649271158
15	0.3708962996131784	0.032968325425261	0.0729376646189935	0.5231977103425672
16	0.4808964255722242	0.13351571236433	0.2068638151072377	0.1787240469562081
17	0.0141636551873165	0.6804613313131235	0.2446711869508502	0.0607038265487096
18	0.9635082829459004	0.0047748128772409	0.0298754560191327	0.0018414481577256
19	0.1560949696710986	0.6298301662345802	0.2039157632925527	0.0101591008017686
20	0.0669530806463343	0.2782018903476918	0.5477992526334676	0.10704577637250601
21	0.9364989556827948	0.0182664118221639	0.0347618342856377	0.0104727982094034
22	0.0110651096588079	0.0299741843753933	0.5555054779316563	0.4034552280341421
23	0.0608467749633179	0.6189850874284961	0.26289222412505303	0.0572759134831333
24	0.2755805869661304	0.1872276388486023	0.4909744407986589	0.0462173333866082
25	0.0023370838393501	0.7213546885843116	0.2732639089241293	0.0030443186522088
26	0.4868853927023541	0.1954372110142515	0.2728227022258676	0.044854694057527
27	0.3271982618012526	0.0376700209932233	0.2367187872187844	0.3984129299867396
28	0.9650309844714297	0.0041126266631981	0.0172660811422824	0.0135903077230901
29	0.9141081118281484	0.0136563429739704	0.0590370834051269	0.0131984617927543
30	0.550647543572619	0.2692225527024803	0.1531040376574399	0.0270258660674606
31	0.0162471247647639	0.8010767413838693	0.0828086867272671	0.0998674471240997
32	0.0010619325449814	0.8671141643639384	0.1010158293047393	0.0308080737863405
33	0.9687776707563288	0.0106038575575289	0.0168091728891286	0.0038092987970133
34	0.7947044673770014	0.0423294743629388	0.0806194228829205	0.0823466353771388
35	0.8554745943707894	0.007014644808944999	0.1050708038583571	0.0324399569619084
36	0.9283819064849196	0.0045364247433972	0.0651817437308326	0.0018999250408508
37	0.0142255273913137	0.5250195267877759	0.4578176252691049	0.0029373205518054
38	0.0049109299423212	0.913721457975608	0.0776621890477292	0.0037054230343414
39	0.9027279034844776	0.0397046136647844	0.0549601147496099	0.0026073681011278
40	0.1967860436204049	0.4434936775946353	0.2012381580601578	0.1584821207248016
41	0.8009415074065399	0.0397295086378933	0.0885380906057041	0.0707908933498624
42	0.6668378329137958	0.1515721092737646	0.1179727453223902	0.0636173124900493
43	0.4653519739905222	0.3076258698754996	0.2018880518998296	0.0251341042341482
44	0.6101603155471746	0.2017045280997908	0.1843945265239287	0.0037406298291059
45	0.9854545562662922	0.0043286805923731	0.0094696451612208	0.0007471179801137
46	0.1632961878572398	0.0739240513441247	0.6844470256721951	0.0783327351264401
47	0.0047649331410107	0.0371049317842778	0.3380573890829655	0.6200727459917459
48	0.3351927765078729	0.3600382925980746	0.1858261731773351	0.1189427577167174
49	0.6841419293111296	0.1399402877357199	0.1664789904126592	0.0094387925404912
50	0.6271172039948516	0.0187979638383207	0.1388704802710232	0.2152143518958047
51	0.0631665194673271	0.417495469924716	0.1005985382855417	0.4187394723224153
52	0.1603520341153022	0.7652088949509332	0.0648256328454686	0.0096134380882955
53	0.0241067333398642	0.6502215252518081	0.2700754729479953	0.0555962684603325
54	0.0989271228859714	0.7436236761237602	0.1218537768099512	0.0355954241803171
55	0.0081587541982299	0.6148832331885448	0.3745624564789945	0.0023955561342306
56	0.1823482597412395	0.27796411062968607	0.4864147383944869	0.0532728912345876
57	0.1056273387881205	0.3175657806035725	0.3146221285952749	0.2621847520130318
58	0.4530202542970697	0.4296599567590079	0.0991654732131888	0.0181543157307333
59	0.2791390387356422	0.1778036126224191	0.5290823092035375	0.0139750394384012
60	0.3415098817075714	0.2960813611576912	0.2405909680268741	0.1218177891078632
61	0.1289642056473912	0.3790235285211815	0.4666861887185379	0.0253260771128893
62	0.009518110759601999	0.37946443453399004	0.2376124225263238	0.3734050321800841
63	0.9799055420198646	0.0045625054474046	0.014180158809888	0.0013517937228429
64	0.023683195545674	0.7090246411452488	0.2516736718530663	0.0156184914560108
65	0.5727826966072329	0.210082187487624	0.2076243800727539	0.009510735832388999
66	0.5446471666685856	0.149453856152654	0.2355508982407165	0.0703480789380444
67	0.0702498990936301	0.4840358126215788	0.1965889070416722	0.2491253812431188
68	0.3890997502998504	0.4862630553245601	0.1086579854097868	0.0159792089658026
69	0.0007357408816129	0.0263675260636875	0.0109611966516632	0.9619355364030364
70	0.4871901780835723	0.446301017173507	0.0443137672843461	0.0221950374585745
71	0.1917188771475529	0.2790842662946666	0.5143234571941564	0.0148733993636238
72	0.7575413933948671	0.0286774252110287	0.1843277867279762	0.0294533946661279
73	0.4838078298871988	0.2486876811266105	0.2282681789039953	0.0392363100821954
74	0.3431771650639689	0.4952280354872609	0.1504807136806648	0.0111140857681052
75	0.7217928785672962	0.0686157878504993	0.1785377805548753	0.0310535530273289
76	0.0019789593486766	0.7797833282783709	0.1126974660360207	0.1055402463369316
77	0.0038779864553879	0.0893739074994469	0.1534593205999507	0.7532887854452146
78	0.0082483802695155	0.9332275325881836	0.0520508952827707	0.00647319185953
79	0.5453656339435372	0.0889159938113041	0.3452139360898152	0.0205044361553434
80	0.7490453753809901	0.1277322554528989	0.1013649355131799	0.0218574336529308
81	0.0442464807802465	0.0962734088888987	0.8071994888007571	0.0522806215300977
82	0.0086238091756346	0.1739056062999381	0.7901114365467701	0.0273591479776569
83	0.0054841580002554	0.3036764339259416	0.0893801646579499	0.6014592434158527
84	0.0461968380713319	0.4561960826336919	0.2049309055738091	0.2926761737211668
85	0.2561151435107176	0.4785945627917365	0.0685523829202994	0.1967379107772463
86	0.0015634685286774	0.2259994791836851	0.0277186425655689	0.7447184097220687
87	0.0066930796322777	0.8627292319116805	0.1082340868558415	0.0223436016001998
88	0.0195223191035851	0.6216946542199816	0.1381681469537139	0.2206148797227193
89	0.06370690156402099	0.8569170393190219	0.0757277074066367	0.0036483517103199
90	0.17953995893912603	0.5662524362623051	0.2213743959288616	0.0328332088697066
91	0.1632111334554758	0.4259773146076059	0.3653141318379151	0.0454974200990029
92	0.03071662328407	0.7546038144546531	0.2068005812618503	0.0078789809994265
93	0.0239424961697222	0.6108881978725587	0.35316704504903	0.0120022609086891
94	0.0497263351430957	0.5061053627708276	0.4345669092784806	0.009601392807596
95	0.0450821189139072	0.5294736604941399	0.3423678069061803	0.0830764136857725
96	0.0056695673805298	0.9121751384067084	0.0697332482274079	0.012422045985354
97	0.0806671889507746	0.4988049521462765	0.1924973682615689	0.2280304906413797
98	0.0066515952894337	0.7371115265030128	0.1726964040353512	0.0835404741722021
99	0.0339016551250837	0.8651048968384533	0.0735016142850557	0.0274918337514074
100	0.0057722288806772	0.6321608368471374	0.1173499128667197	0.2447170214054657
101	0.0143416433390604	0.6062244034697392	0.3681894886220356	0.0112444645691652
102	0.0915697072526041	0.5077176394380132	0.1019413101258817	0.2987713431835006
103	0.1850612490047771	0.1514577815384991	0.4707909955141502	0.1926899739425735
104	0.0045765919068394	0.7999362161439155	0.1711222623429972	0.0243649296062477
105	0.0056819855360362	0.9242198378439632	0.0663779489536959	0.0037202276663041
106	0.00378075553514	0.1763711761091113	0.6661591178586447	0.1536889504971041
107	0.0152346099859115	0.2933821173993419	0.6714327421783058	0.0199505304364406
108	0.0739210672917195	0.2102205607578318	0.5404606778545589	0.1753976940958899
109	0.0313628158417848	0.0088864655028801	0.1370212402832613	0.8227294783720736
110	0.0058040657779563	0.7170284533132742	0.2536899689993495	0.0234775119094198
