label_id	archetype 1	archetype 2	archetype 3	archetype 4
1	0.5053472991685564	0.23986717700375	0.1396996468899544	0.1150858769377389
2	0.7168700219923044	0.0561825860704865	0.17232366615139902	0.0546237257858101
3	0.4256641147378613	0.0341969345884783	0.3021673729680893	0.2379715777055707
4	0.8777374548580568	0.0457446197127748	0.0532869173103227	0.0232310081188457
5	0.8627246717965997	0.0454637652493281	0.0660645317593219	0.0257470311947501
6	0.7241846139187306	0.1533557544369878	0.1044906624077818	0.0179689692364997
7	0.8545277007703298	0.0299242522654884	0.1120393960143003	0.0035086509498812
8	0.0383446707145124	0.5375820850449257	0.1551290158263205	0.26894422841424104
9	0.7675014747166661	0.0862542700850629	0.1185308003861671	0.0277134548121037
10	0.0830166872751178	0.6384144235513212	0.2304209605234717	0.0481479286500896
11	0.6746187275826648	0.0920056615834236	0.2263117574146778	0.0070638534192339
12	0.4445226786280538	0.3637067783901775	0.13203050465933802	0.0597400383224308
13	0.3207155370780699	0.27500750891068104	0.1683430160958306	0.2359339379154185
14	0.8536336017223337	0.058508015316004996	0.083444785288529	0.0044135976731322
15	0.2627282863143048	0.4070108092756506	0.3121822155263393	0.0180786888837052
16	0.2680759164962072	0.2107127214726168	0.1594860461880271	0.3617253158431487
17	0.7460069516647035	0.0687478365422105	0.1052011937709326	0.0800440180221532
18	0.7165292759632739	0.0814132886267203	0.1959625750899222	0.0060948603200834
19	0.4433416651239928	0.2513713093727338	0.2596728925257453	0.045614132977528005
20	0.9242492032078272	0.026826561694322997	0.0411969341794503	0.0077273009183996
21	0.7098380696297333	0.1061091270724998	0.1230081820091448	0.0610446212886221
22	0.3042707072277348	0.2963990623687027	0.2923787494892182	0.1069514809143448
23	0.8518421484816883	0.06185778703084599	0.0697711645467309	0.0165288999407347
24	0.3493697436396213	0.3641473618603014	0.2462236886374604	0.0402592058626168
25	0.8365228664344939	0.0423428363390488	0.0974599425715116	0.0236743546549455
26	0.11305257131481698	0.7176882208887588	0.1026574516461782	0.0666017561502458
27	0.0511731475992359	0.4243615041619548	0.2944028022023442	0.2300625460364649
28	0.6191276523901191	0.076784940602284	0.2733670874154565	0.0307203195921406
29	0.5063337088936272	0.20795625035648999	0.2788980002202093	0.0068120405296735
30	0.2716686043904568	0.4785406722824278	0.2004971364373941	0.0492935868897215
31	0.4813892935549044	0.1777632343857624	0.130503906518004	0.2103435655413291
32	0.0629913611844796	0.5867789514598961	0.1575763769522421	0.1926533104033822
33	0.5178828827752463	0.2542037564871979	0.1595329267910638	0.0683804339464918
34	0.5283359720476088	0.2435610160486976	0.2043186253853504	0.0237843865183435
35	0.4188926574098122	0.1845361083165903	0.199457467952554	0.1971137663210436
36	0.0076134590604637	0.2658535285710526	0.2233802721578754	0.5031527402106082
37	0.7582002399326231	0.0348781646581423	0.1715251830863646	0.0353964123228699
38	0.8489687196183923	0.0410185215739358	0.105776870343001	0.0042358884646707
39	0.5944565908600996	0.2187528941141887	0.153108908227022	0.0336816067986895
40	0.1112202602967587	0.5352427149315717	0.3029105214441924	0.0506265033274771
41	0.6487604325664962	0.2573153161750797	0.0825964752940784	0.0113277759643456
42	0.6212703368555867	0.1865897338998904	0.1541246604063622	0.0380152688381606
43	0.1851487814353652	0.4035027085282456	0.3337829628789225	0.0775655471574666
44	0.4678658307156687	0.307148316367313	0.1614720218899169	0.0635138310271012
45	0.1280511017007685	0.7213084929989142	0.135869371003125	0.0147710342971921
46	0.7243218781619696	0.0593411606743711	0.2080588901618279	0.0082780710018312
47	0.0272765328872971	0.8084026850798033	0.1334986274388738	0.0308221545940256
48	0.347872636022596	0.2559251532140837	0.3556763050609145	0.0405259057024056
49	0.626901916359453	0.1546331561210763	0.2051037501122353	0.013361177407235001
50	0.6989007196210224	0.170907278685731	0.0988474891637951	0.0313445125294514
51	0.5391212768944839	0.0880169045225708	0.3333916370612492	0.0394701815216964
52	0.6194064889619132	0.0888150211398214	0.2691567988458764	0.0226216910523888
53	0.0996720801174025	0.7158280172758973	0.1264647282835498	0.0580351743231503
54	0.0515998032668992	0.6020533134288143	0.2320153028662802	0.114331580438006
55	0.7623773815970307	0.0524184445045685	0.1365109230976543	0.0486932508007465
56	0.1487854492090484	0.3748521746788666	0.2371712764633511	0.2391910996487338
57	0.838131499344639	0.0476750531496248	0.0887078942869123	0.0254855532188237
58	0.022404670730965002	0.5241485924306528	0.1610888329608376	0.2923579038775448
59	0.4199509730422199	0.3826386588210005	0.1730011293724833	0.0244092387642961
60	0.8445559206112419	0.0526626704814276	0.0867940251159748	0.015987383791356
61	0.1233355229046387	0.5173077255371401	0.2245105024299876	0.1348462491282334
62	0.6211277711975388	0.1482842543211642	0.1757473364350784	0.0548406380462183
63	0.0396302360306665	0.4565573327620716	0.2318266310715047	0.2719858001357575
64	0.1352784060802568	0.4634346529118214	0.3801659453649398	0.0211209956429817
65	0.0806093244942587	0.6082202066362661	0.2240348820608975	0.0871355868085775
66	0.3001095113188868	0.3275576288868258	0.2762370169050445	0.09609584288924301
67	0.0951647482298749	0.4665566086511088	0.181480543368331	0.2567980997506852
68	0.2442994995690889	0.2067203321614574	0.2831018628410546	0.2658783054283989
69	0.0908084808603584	0.27800438145705103	0.1832396314322566	0.4479475062503341
70	0.5741483033216984	0.1591998135571922	0.1754024873120183	0.0912493958090906
71	0.5692965718502095	0.2241407414637275	0.1578416071854566	0.0487210795006063
72	0.487547185905927	0.2067055627864858	0.2142682862597116	0.0914789650478754
73	0.3456512971753479	0.4430510731531323	0.1576494663692862	0.0536481633022333
74	0.0986443129282766	0.3429985123752002	0.2375986045331291	0.3207585701633942
75	0.3808252598908775	0.4239668984312542	0.1698634221485707	0.0253444195292974
76	0.8062107524531129	0.0521988844522686	0.1022223523122361	0.0393680107823821
77	0.3582855615190479	0.2258342867059968	0.2307011120614612	0.185179039713494
78	0.0707054219691515	0.6236522931088303	0.2765326367217959	0.0291096482002225
79	0.092827214929226	0.6862512316990269	0.1713150184127542	0.0496065349589931
80	0.5337959056006112	0.1516248346926483	0.2652286221861212	0.0493506375206192
81	0.058220215184632995	0.6051459664467403	0.2695323081480548	0.0671015102205717
82	0.0528214152730139	0.5345771114308508	0.3756578204845974	0.0369436528115377
83	0.1039859896405439	0.6825049440730024	0.118423801239979	0.0950852650464747
84	0.5172328866948211	0.0423443085663389	0.2249329343837923	0.2154898703550476
85	0.3057802950754796	0.396015595341623	0.2028417475525867	0.0953623620303108
86	0.0604067875480696	0.6253981565713803	0.2568655218677041	0.0573295340128459
87	0.3200057886886526	0.4506253172121532	0.214867883817704	0.0145010102814901
88	0.0375051630697199	0.4387101099700668	0.1391938349002218	0.3845908920599917
89	0.0440668124943708	0.5778210673794434	0.2353559552258889	0.1427561649002967
90	0.9356267360939072	0.0032387958982789	0.0518321276280223	0.009302340379791
91	0.0343553123814711	0.4657434563593084	0.2432463179999216	0.2566549132592988
