label_id	archetype 1	archetype 2	archetype 3	archetype 4
1	0.5810236152908661	0.0354979936534287	0.3135495465856536	0.0699288444700509
2	0.6628765564221345	0.0547772714632034	0.1252949316635533	0.1570512404511085
3	0.1025314873901362	0.0313986783351403	0.0680629925117356	0.7980068417629879
4	0.8649854201563465	0.0121676461622977	0.0213636143256962	0.1014833193556594
5	0.5296492409293361	0.1815591931262533	0.126865923169171	0.1619256427752395
6	0.3505788426471184	0.2066218554322561	0.4278460214010656	0.0149532805195599
7	0.8143226027227553	0.0429905793261816	0.1401935703520239	0.0024932475990392
8	0.0532198118155492	0.4583677833639319	0.3810864877715889	0.1073259170489301
9	0.9650981317282448	0.0042517089529123	0.0251400123289556	0.0055101469898877
10	0.6460172493174731	0.0308862799880619	0.3204064556197368	0.0026900150747282
11	0.17408402037801002	0.3687117121142912	0.453256634872251	0.0039476326354475
12	0.3964213721861127	0.0143175535570361	0.5192733407587815	0.0699877334980697
13	0.2402281584663943	0.4599425742743063	0.1746277100547339	0.1252015572045649
14	0.0068476150243	0.6568073993344371	0.3332502693178161	0.0030947163234465
15	0.0022025155212393	0.7682349597628545	0.2289960464108583	0.0005664783050473
16	0.026912122163286	0.5392926771956735	0.1645046596191897	0.2692905410218508
17	0.7595232216952843	0.1610184281730231	0.0761301519729662	0.0033281981587259
18	0.0057292452577679	0.7533589769092319	0.2373246605937714	0.0035871172392285
19	0.9846059139231326	0.0028015142064862	0.0121887605738522	0.00040381129652900004
20	0.7023849080482879	0.0978375941102143	0.0977052906104554	0.1020722072310419
21	0.8703098713125036	0.0134966412591203	0.0772954892759721	0.0388979981524038
22	0.6440649809317626	0.0448628778644285	0.2961238843891405	0.0149482568146679
23	0.8052783181472567	0.0345246364606623	0.1148595233974245	0.0453375219946562
24	0.9569105557770966	0.0100742869066181	0.0326308469506517	0.0003843103656335
25	0.9740131225445144	0.001432142816381	0.0236958042941597	0.0008589303449449
26	0.2966238741845202	0.6369246983036819	0.0589139619172716	0.0075374655945261
27	0.0052552513148171	0.6926185501125871	0.2985624727316368	0.003563725840959
28	0.8261371057945899	0.0399880193732021	0.1324335480354589	0.0014413267967488
29	0.3920806804631228	0.3885947429629737	0.2154496708563903	0.0038749057175131
30	0.8284414204821889	0.0653261462687748	0.0990139565784696	0.0072184766705665
31	0.9573393062390204	0.0200003641403655	0.0118041364913017	0.0108561931293119
32	0.0050279391363782	0.5155179520122877	0.4620670033061331	0.0173871055452008
33	0.2900075674852959	0.3724876807495064	0.3193560926532929	0.0181486591119045
34	0.3444129667934248	0.1706072068846971	0.4734356396523809	0.0115441866694967
35	0.0650517885556762	0.1580180601501812	0.2444091719219248	0.5325209793722175
36	0.0152117402695806	0.3905484345034831	0.2002870026815258	0.3939528225454106
37	0.7106611827918942	0.1751839648218038	0.0950917624470224	0.0190630899392796
38	0.919311385542696	0.0145096461094013	0.0648709374814194	0.0013080308664834
39	0.3874427500844116	0.4451505414456971	0.159255245530017	0.0081514629398743
40	0.4603794428807183	0.1124278961770316	0.4163761316801673	0.0108165292620826
41	0.018040089309681998	0.8704780420706845	0.10402708967208699	0.0074547789475463
42	0.96971319054345	0.0030298263960966	0.0270072636973592	0.0002497193630939
43	0.0400164883876133	0.1926998479986954	0.7439881822182955	0.0232954813953953
44	0.8288901762862996	0.0202495657389061	0.1256324853404676	0.0252277726343264
45	0.0320831731851444	0.6180471909457725	0.3361350327432273	0.0137346031258553
46	0.3687415822406889	0.2611412879091576	0.3259485560616904	0.0441685737884631
47	0.0010082591597836	0.7025535273551939	0.2929753359166309	0.0034628775683918
48	0.0129678139371808	0.8175015724276338	0.1682518909463402	0.0012787226888451
49	0.0218470974581884	0.0653089799398191	0.9104608898279596	0.002383032774033
50	0.8582603904377479	0.0153104450333316	0.1212356752643349	0.0051934892645852
51	0.0742232613887862	0.5634473723245695	0.3532627442945087	0.0090666219921355
52	0.634504039417052	0.1007584466758839	0.257691306285118	0.0070462076219459
53	0.0095970708563761	0.2892698342004097	0.6957960520692905	0.0053370428739236
54	0.0109430897510487	0.4232080832713582	0.5512003769804336	0.0146484499971595
55	0.9864450119071576	0.001909894338158	0.0105224911134428	0.0011226026412413
56	0.11896640612151	0.075774360160427	0.7923573957306338	0.0129018379874288
57	0.9642746275058441	0.0033733389341384	0.0148230816162784	0.0175289519437388
58	0.0112618214224817	0.7568175300699888	0.0246768026015449	0.2072438459059845
59	0.4190722290188625	0.0782729911788808	0.4933736585998868	0.00928112120237
60	0.9794612157854472	0.0018062266490559999	0.009004606263671	0.0097279513018257
61	0.0494306934006113	0.8052695002958811	0.1350686021910348	0.0102312041124732
62	0.6366420670808876	0.0436007923514118	0.3025416752939819	0.0172154652737185
63	0.0421820655417081	0.2497212248954188	0.5967697963691454	0.1113269131937275
64	0.0172840572846893	0.1933486503220239	0.7879246772327315	0.0014426151605550002
65	0.0341049157341706	0.906152598746013	0.0561943165513225	0.0035481689684938
66	0.2409587181029786	0.5134494511629878	0.12132621878159801	0.1242656119524353
67	0.19940206800969798	0.0969735219809994	0.1353111306806377	0.5683132793286647
68	0.0348808913374995	0.1300679703282204	0.5485017992155281	0.286549339118752
69	0.9301980926513408	0.0396441778041923	0.0262553124920943	0.0039024170523724
70	0.9210513943318036	0.0015399040591673	0.0750808431704089	0.0023278584386202
71	0.0134963207568536	0.0287711236314173	0.9544116733303729	0.0033208822813559
72	0.7112607736729291	0.1895743887462244	0.0801891972781248	0.0189756403027215
73	0.8742337089169151	0.0602379878336739	0.0646733254078007	0.0008549778416104
74	0.0541933893167265	0.4276243839841158	0.4788708273045826	0.0393113993945748
75	0.8302417862524286	0.0789351831033298	0.08898515550097098	0.0018378751432707
76	0.9708575102110067	0.0060898182083239	0.0196651226926698	0.0033875488879992
77	0.6349423842180635	0.1843352017838969	0.1697140499719554	0.0110083640260843
78	0.0050679730532499	0.7932624898817996	0.1959909018633338	0.0056786352016166
79	0.8621317266969748	0.110458677032833	0.0249409591015043	0.0024686371686876
80	0.0134891153466003	0.922960782433328	0.0580513191512462	0.0054987830688251
81	0.5693448884028489	0.1561334220283851	0.2678468871479269	0.0066748024208389
82	0.0204753121605815	0.8072501629901944	0.168909322622105	0.0033652022271193
83	0.0440857585242523	0.7414786074624976	0.0601922204783222	0.1542434135349276
84	0.6220139053682672	0.1080312186350843	0.2173747188531765	0.0525801571434721
85	0.202624989258058	0.5139754911698132	0.2711675276346973	0.0122319919374313
86	0.0057482185493692	0.0660754938687543	0.7462006612426675	0.1819756263392088
87	0.0203304024287531	0.8879711155686305	0.0447024169936915	0.0469960650089249
88	0.0048893894123797	0.183564013656744	0.6536059661127924	0.15794063081808402
89	0.121192993625085	0.5419827256611668	0.1411341804506647	0.1956901002630831
90	0.7222867043588237	0.020983487333787	0.1593699585601263	0.0973598497472629
91	0.0041996241587016	0.8161971399955847	0.1774949043372207	0.0021083315084929
