label_id	archetype 1	archetype 2	archetype 3	archetype 4
1	0.9646252685483684	0.0054355355763977	0.028447637267261003	0.0014915586079729997
2	0.9211737475417224	0.0205220706443987	0.0417366542625981	0.0165675275512808
3	0.9166984061013356	0.0569724911294048	0.0248717902968897	0.0014573124723701
4	0.8262977820150741	0.0284258230030009	0.1434839565610421	0.0017924384208827
5	0.9676266676901124	0.0066426074020693	0.0208359262689156	0.0048947986389024
6	0.991903635940088	0.0040446731612858	0.0037462882802012	0.0003054026184249
7	0.9206588737872422	0.0155046675203348	0.0605349070476125	0.0033015516448106
8	0.0541047077834687	0.5253452864885723	0.4177295225982684	0.0028204831296906
9	0.7920801629294699	0.1324961664288498	0.0740495975989484	0.0013740730427315
10	0.9879445416717321	0.0047492128559455	0.0066400377862555	0.0006662076860668
11	0.9395434403913572	0.0106939208866886	0.0463423870609424	0.0034202516610114
12	0.9305712300722444	0.0138993211528886	0.0535309127770425	0.0019985359978243
13	0.7980149065731972	0.0313848567318661	0.1008927886146424	0.0697074480802942
14	0.3338892832982177	0.1696876719242116	0.4906383667269937	0.0057846780505771
15	0.5348924795186913	0.3926113753101929	0.0684963690912956	0.0039997760798202
16	0.9189554086978428	0.0062258205292861	0.0738376624232334	0.0009811083496375
17	0.2868739385046138	0.1112438793489816	0.6004166361180506	0.0014655460283539
18	0.8968796596194979	0.0453568334325326	0.0553766394893343	0.0023868674586349
19	0.2278877643450474	0.5578744477445097	0.1043342151765554	0.1099035727338873
20	0.9256636660245264	0.0074382435273369	0.0640457706726065	0.0028523197755300003
21	0.4049820271604489	0.3011919577398046	0.2897108983581598	0.0041151167415863
22	0.4814912518576453	0.3606587105821162	0.1453308170935816	0.0125192204666568
23	0.9805551740546544	0.0053477986592832	0.0134419749369223	0.0006550523491399
24	0.0068401793770443	0.7989816591314781	0.1925381561166008	0.001640005374877
25	0.0626794076635949	0.6903613589190463	0.2407333734511018	0.006225859966257
26	0.9622013025489804	0.0169498345900675	0.0193670736277724	0.0014817892331795
27	0.8380370169902953	0.0326225784218261	0.1165276473504405	0.0128127572374376
28	0.1654384208282615	0.1980758312013072	0.6248163858451065	0.0116693621253251
29	0.7786328320127825	0.0796779500589752	0.0869963576255849	0.054692860302657
30	0.9496150050287796	0.0074158493402585	0.0277971002832209	0.0151720453477411
31	0.0083167102588021	0.2945888395460379	0.0703738927795492	0.6267205574156104
32	0.5208963720082922	0.0656532413739829	0.4104546302623668	0.0029957563553582
33	0.5077757859659636	0.3294491640559825	0.1117243963751579	0.0510506536028957
34	0.2823468245878479	0.3298460762518813	0.3520264206607302	0.0357806784995405
35	0.6148537167421677	0.2211644100862979	0.1545187630461518	0.0094631101253825
36	0.0144281928847028	0.5632372459638302	0.3709838603780474	0.0513507007734196
37	0.0186125299510009	0.8357436262533356	0.1321620939398148	0.0134817498558486
38	0.7164778080113926	0.0800381262989654	0.174364601818714	0.0291194638709279
39	0.9597136896963466	0.0019597705519544	0.0353846343595486	0.0029419053921506
40	0.2358890237173683	0.2984023828528199	0.4512177099254778	0.0144908835043339
41	0.7516788480754321	0.054230759629883996	0.13368895031352698	0.0604014419811567
42	0.0058576457674002	0.8413659698231937	0.0343781776552833	0.1183982067541223
43	0.7704566662780695	0.0906831846788727	0.1323827422875762	0.0064774067554810005
44	0.8582890539425728	0.0692310800540549	0.0573162435208235	0.0151636224825487
45	0.5491941765695845	0.0384555890859564	0.3694738236002358	0.0428764107442234
46	0.0218771927410158	0.8299383720373948	0.1389843485995504	0.0092000866220386
47	0.5004395847400083	0.0833964240716821	0.196799145466501	0.2193648457218086
48	0.1381058753607101	0.6985725626255833	0.1576157181362572	0.0057058438774495
49	0.0159881762450876	0.3024670891591645	0.6777051591649892	0.0038395754307584
50	0.93488031414664	0.0115563235151739	0.0424222784358075	0.0111410839023786
51	0.3236963764867758	0.1774171182082104	0.46560883111977003	0.033277674185244
52	0.007547497865478	0.5239188029647784	0.4585587397189765	0.0099749594507676
53	0.95993204195147	0.0090633716493379	0.0275655955831907	0.0034389908160017
54	0.1034203934245587	0.6532039832426931	0.2330048062421821	0.0103708170905659
55	0.7112923295965324	0.1797362834660337	0.0979521685962887	0.0110192183411453
56	0.2241027533157144	0.5062494967472279	0.2613232254439706	0.0083245244930872
57	0.2766465329855924	0.3327653199564922	0.3749976947410611	0.0155904523168541
58	0.028997014372534	0.5701158980732768	0.3863543929570986	0.0145326945970905
59	0.8743417657933228	0.0573703666506525	0.0494404512516189	0.0188474163044056
60	0.064015908529447	0.22882254271843802	0.2667554338187406	0.4404061149333744
61	0.0117586057995682	0.8432532542803406	0.1377754507608427	0.0072126891592481
62	0.6998905049782307	0.1554053412910499	0.1253989853391549	0.0193051683915643
63	0.8559033871428342	0.0593597019578365	0.0696253042814039	0.0151116066179252
64	0.0046537683031994	0.5803103092974617	0.3727288798202864	0.0423070425790521
65	0.0106701683408811	0.83195519255728	0.1366354406457921	0.0207391984560464
66	0.3759794378122374	0.5547523955442777	0.0562338440875999	0.0130343225558847
67	0.0422698114949894	0.7824865211522908	0.167337674394249	0.0079059929584706
68	0.771976424376178	0.1285505924669361	0.0926352407301823	0.0068377424267034
69	0.122548823438395	0.6338534223569056	0.22945762160661304	0.0141401325980865
70	0.5264897336300896	0.2432550430127942	0.206424288033727	0.0238309353233894
71	0.6895086077689906	0.0380808272867228	0.199106626676139	0.0733039382681476
72	0.4113899180534983	0.1302932383061309	0.4049611189402813	0.0533557247000896
73	0.0224997996923392	0.050548677360215004	0.8265981960344853	0.1003533269129603
74	0.1234729676578662	0.7634767638972199	0.1042051149283243	0.0088451535165893
75	0.4100032580476477	0.1965882281231069	0.334255966359374	0.0591525474698712
76	0.040280339724257	0.7582229206379482	0.1863467994708971	0.0151499401668977
77	0.1292061561933737	0.4943161486213897	0.3653551362305652	0.0111225589546712
78	0.0193579864467568	0.8785006359441715	0.0974103154555853	0.0047310621534865
79	0.0082144759850574	0.8871964299049038	0.0974453163404178	0.0071437777696212
80	0.0827489851021989	0.3968760877007322	0.4652860872004138	0.0550888399966552
81	0.0937561825929598	0.335670249942692	0.4757751674584875	0.0947984000058602
82	0.006674690204757	0.9020234741721984	0.0889390936312824	0.0023627419917621
83	0.0629997688413103	0.5244738292898355	0.3107154657370705	0.1018109361317834
