label_id	archetype 1	archetype 2	archetype 3	archetype 4
1	0.5904578206594364	0.2795802969681378	0.1189479176617355	0.0110139647106902
2	0.3469525113838255	0.2313879416932981	0.3720189875821837	0.0496405593406926
3	0.6476304667506619	0.1508223661851902	0.1854083423909421	0.0161388246732061
4	0.6812289906190585	0.0993037579631448	0.2055836853596285	0.0138835660581678
5	0.2615821870149072	0.2040827900092005	0.416050531139733	0.118284491836159
6	0.5906889991394759	0.11912259033078	0.2758801906553471	0.0143082198743965
7	0.4569377564234815	0.3225662102217869	0.2097403415143353	0.0107556918403965
8	0.9321876674032074	0.007534897725349	0.0493171045495889	0.0109603303218549
9	0.4987228167183112	0.0814561880512888	0.2104091030378202	0.2094118921925795
10	0.8496200341843807	0.0146608395689738	0.1179982418424782	0.0177208844041672
11	0.1537836669970718	0.4967531629779697	0.3041260452596536	0.0453371247653049
12	0.737567209631029	0.1036655883451935	0.13235450813777	0.0264126938860074
13	0.3457989216956419	0.1764613449830874	0.4295242102177036	0.0482155231035672
14	0.6782674091475511	0.1393416637905375	0.1760750550619712	0.0063158719999397
15	0.7448077721111799	0.0899391822242206	0.1369982562144568	0.0282547894501427
16	0.8544420297230996	0.053570906345827	0.0853980521710698	0.0065890117600034
17	0.9186163651211052	0.0185627594452012	0.0456974763173753	0.0171233991163181
18	0.6078060471613719	0.1146195667162941	0.1742267203065328	0.103347665815801
19	0.130467999255777	0.1802241917921067	0.6586454215496104	0.0306623874025058
20	0.7886584608391594	0.0998829969795331	0.1030733800754606	0.0083851621058468
21	0.0035416764328554	0.2778785630495827	0.088392262123447	0.6301874983941145
22	0.3379747597359016	0.2949154463752326	0.2114309867151218	0.1556788071737436
23	0.3154768882587182	0.5103527321285843	0.1516374548453662	0.0225329247673314
24	0.959369792672312	0.004781235761973	0.0296990704764858	0.0061499010892289
25	0.0716013675060381	0.5556948012938204	0.1701455225655717	0.2025583086345698
26	0.4269617008477952	0.3561100998753198	0.193897062900398	0.0230311363764871
27	0.6377874445824063	0.2200072039404845	0.1195742791734926	0.0226310723036163
28	0.0620317366797725	0.5539214474885382	0.2226675289272331	0.161379286904456
29	0.0155280786348961	0.445527153413389	0.137381473610516	0.4015632943411987
30	0.8269908464040886	0.0522705628403571	0.0856027181410985	0.0351358726144556
31	0.8542129737159069	0.0461017329917662	0.0880984040414582	0.0115868892508688
32	0.7762004026774288	0.0352433986096264	0.1514250682098981	0.0371311305030465
33	0.1808160116304901	0.5383207902714351	0.1987191012595571	0.0821440968385173
34	0.275689579961679	0.2468624967993041	0.1604185716468711	0.3170293515921454
35	0.4422197912210679	0.2383456793870507	0.2757216585270782	0.0437128708648029
36	0.8701041348479122	0.0232566491507699	0.0994668199262551	0.0071723960750626
37	0.4505516702120576	0.2159048656153123	0.3209983648279624	0.0125450993446676
38	0.0470892367868236	0.7995745129297206	0.1263034233299171	0.0270328269535383
39	0.3709750260141174	0.2259416757641048	0.3516871580192414	0.0513961402025363
40	0.909353218826457	0.0246238162650624	0.0647837119956021	0.0012392529128782
41	0.7649050736360573	0.0713190331475934	0.1356785516277571	0.0280973415885919
42	0.3622729510950671	0.2949762409850437	0.1905297273426243	0.1522210805772647
43	0.0105394964909503	0.7234873473933134	0.1861633741765096	0.0798097819392266
44	0.3825021912951474	0.3096057560345603	0.264282077293228	0.0436099753770641
45	0.9285971993466066	0.0124783980121033	0.0535111842185614	0.0054132184227288
46	0.4052559797224297	0.2685417991440539	0.2012386612867437	0.1249635598467724
47	0.8497546761061242	0.081823454510921	0.059412995601834	0.0090088737811207
48	0.4696207653230234	0.1861210583142829	0.2108727705868853	0.1333854057758084
49	0.0454972067207985	0.8262964752825451	0.1006866417048153	0.027519676291841
50	0.3965689993839681	0.2772001293033431	0.1928522858324783	0.1333785854802101
51	0.4360167380897488	0.2759782717231683	0.2633338820807157	0.024671108106367
52	0.2192621304748307	0.2984463422502839	0.3971367198802114	0.0851548073946737
53	0.9585919546898528	0.0076909734346246	0.0298682928260797	0.0038487790494432
54	0.8106846476785999	0.0509668070738656	0.0917871043785681	0.0465614408689662
55	0.0765310560407393	0.6525049627440651	0.2412817635266479	0.0296822176885476
56	0.2126385718576769	0.3335484640869772	0.4205035857716263	0.0333093782837194
57	0.9459928555565914	0.0043942417236088	0.0358548190842636	0.0137580836355363
58	0.0498273656361155	0.6357057494272976	0.3069779199229719	0.0074889650136148
59	0.0245572028210051	0.5798523950192223	0.3643505715616812	0.0312398305980915
60	0.9414546808737264	0.0122690197311569	0.0419528986432722	0.0043234007518443
61	0.0375409891000289	0.6059741729335034	0.217140559422409	0.1393442785440586
62	0.5252067767994022	0.1396714277313788	0.2952521721763995	0.0398696232928194
63	0.1033485666123938	0.6805477454926561	0.2037803492928646	0.0123233386020854
64	0.1337474557049945	0.5123935309733896	0.2075938872616229	0.1462651260599929
65	0.123192122770783	0.6232553956211239	0.2196910777186691	0.033861403889424
66	0.1951334590185116	0.6170152824214379	0.1426185604766828	0.0452326980833674
67	0.6333447959863585	0.2469173079776617	0.0913947624717028	0.0283431335642769
68	0.2828649898075516	0.5498488978612587	0.1353672614261379	0.0319188509050514
69	0.1959235212106206	0.6427922412296417	0.118689724922218	0.0425945126375197
70	0.1533441418377942	0.6536802536768315	0.1731746290368317	0.0198009754485422
71	0.1658396433860146	0.3609179904535282	0.2290529416270919	0.2441894245333651
72	0.3045100928888692	0.2803059575850515	0.2018841799002541	0.2132997696258248
73	0.1141986589422573	0.6264691363110052	0.2394119064081619	0.0199202983385755
74	0.297569645059477	0.4423034117096718	0.1436893469045115	0.1164375963263394
75	0.3856671175027679	0.3778886794841424	0.1925893179644238	0.0438548850486659
76	0.7349017030877916	0.0896268991929854	0.1584055213140044	0.0170658764052185
77	0.8384670673194042	0.0419485240328407	0.1167888330543113	0.0027955755934439
78	0.5950796202771926	0.1357092992004406	0.1653179250900115	0.103893155432355
79	0.5065964808260867	0.2546725378987782	0.1361093759631388	0.1026216053119961
80	0.4918159793809089	0.3445846755157631	0.1536623376699538	0.0099370074333741
81	0.1383484906113319	0.5043511460374536	0.2176765462853615	0.139623817065853
82	0.3154286052996025	0.4161454744242205	0.2389839505041731	0.0294419697720038
83	0.6948231479792697	0.1473948569626769	0.1258280477046252	0.0319539473534282
84	0.0987263284790847	0.7238350652909025	0.135206912224797	0.0422316940052161
85	0.0593349566952769	0.5492446896380628	0.3193171969663431	0.0721031567003173
86	0.0666821538382737	0.6836310203703061	0.2123541092065608	0.037332716584859
87	0.7293276855349095	0.0888994506835159	0.1483969562558164	0.033375907525758
88	0.2515699315487959	0.2818126102935903	0.2359619371341728	0.230655521023441
89	0.0159923581958508	0.6688691001809633	0.2240877475120907	0.0910507941110948
90	0.912677830727334	0.0254183596391698	0.0547177663655608	0.0071860432679354
91	0.0694249618032065	0.4014677914835455	0.3854571791355284	0.1436500675777194
92	0.0134822873177803	0.6863705807857029	0.2704567806783894	0.0296903512181274
93	0.4530321718752945	0.1577079877736973	0.171827552611363	0.2174322877396451
94	0.0314560612891073	0.7568471481933436	0.1264786741799095	0.0852181163376396
95	0.1104302090900059	0.6411944723056494	0.1479331919069123	0.1004421266974328
96	0.0493332210631134	0.658682411628735	0.1911704428398472	0.1008139244683041
97	0.0592370597584851	0.7398062492748234	0.1533416444263335	0.0476150465403579
98	0.1398257310083942	0.7050761960052807	0.1415636080515733	0.0135344649347514
99	0.015981241628391	0.8386388696577337	0.1037313648643158	0.0416485238495596
100	0.022925556560652	0.7033356785356913	0.2511601545304309	0.0225786103732257
101	0.0262577249610012	0.6098916058274491	0.1760907885842866	0.1877598806272628
102	0.050372162993164	0.7637839677958971	0.1513551450018907	0.0344887242090481
103	0.1369268235042981	0.4044276040118679	0.281000566887581	0.1776450055962528
104	0.6038168022383481	0.197961825295964	0.1856054224374403	0.0126159500282476
105	0.1431445664524037	0.576000091500851	0.2479510921449881	0.0329042499017573
106	0.3360507759097912	0.4193490570936311	0.2074849860714138	0.0371151809251637
107	0.0543396737306646	0.5706210008120101	0.249028423551103	0.1260109019062222
108	0.0231563323397414	0.3299609834610826	0.1915249719472051	0.4553577122519707
109	0.0988854685687996	0.6080773729422355	0.1989094953078501	0.0941276631811148
110	0.0591915740736285	0.3413080791714087	0.2006645166388252	0.3988358301161376
111	0.1080202859275059	0.1813490739116497	0.2144056705693498	0.4962249695914944
112	0.8607072588701216	0.0057829235702602	0.1111016804046139	0.0224081371550042
113	0.0378175463357017	0.7307272804716491	0.1689693856631934	0.0624857875294558
114	0.014064659840325	0.8222008700542411	0.1313572816965184	0.0323771884089158
115	0.0451983134443019	0.3894520159513556	0.152310999832562	0.4130386707717803
116	0.0131626256491145	0.8415829818189347	0.1245818337291675	0.0206725588027838
117	0.7907381151585873	0.0201611598317089	0.1280452180735701	0.0610555069361338
118	0.255132808221667	0.1351566709254069	0.3991780101755684	0.2105325106773573
119	0.0346449377032167	0.6689826919439478	0.1614274101940561	0.1349449601587791
120	0.0200686503601068	0.60015845519511	0.1665040017808672	0.2132688926639157
121	0.0131072079638008	0.1460833179984998	0.2192745825489068	0.6215348914887927
122	0.0860916278062844	0.0339710227189033	0.4456473262999734	0.4342900231748389
