label_id	archetype 1	archetype 2	archetype 3	archetype 4
1	0.0245610303381003	0.5766084667436028	0.1765105203904868	0.2223199825278097
2	0.0235088454296048	0.1958079425063536	0.4130030116199087	0.3676802004441328
3	0.0420412374133594	0.7356597600047995	0.1676524979697322	0.0546465046121091
4	0.7410193223085153	0.0823161731975078	0.1535995728554098	0.023064931638567
5	0.0437182459343179	0.4850664646992917	0.26709489457369	0.2041203947927
6	0.0705389381893766	0.3529676163701978	0.2977281834957295	0.2787652619446963
7	0.5286486651870178	0.2861794869447735	0.1782253566765733	0.0069464911916352
8	0.0438037863463716	0.0772301156783917	0.2195455594952312	0.6594205384800054
9	0.8631483526187381	0.0305811692021816	0.1005631732012487	0.0057073049778316
10	0.5421949918130464	0.2535134695876904	0.1500112478986648	0.0542802907005984
11	0.5497827017570903	0.1866763875294209	0.2567142439300218	0.0068266667834668
12	0.9319477828271632	0.0042758164762376	0.061948817001818	0.0018275836947805
13	0.8254070379473645	0.073387280014089	0.0923096015105376	0.0088960805280085
14	0.132049440238507	0.6688682581549942	0.1779576490780823	0.0211246525284165
15	0.3999975776030541	0.4572294549375	0.0913646016905876	0.0514083657688581
16	0.7013363028043503	0.0556896391260865	0.1793516520597122	0.0636224060098508
17	0.2701430206144418	0.3020490526045573	0.3728430650477055	0.0549648617332955
18	0.557319846086059	0.1922167701747728	0.163653924082931	0.0868094596562373
19	0.1630232974383108	0.525167288066086	0.2919699102768515	0.0198395042187515
20	0.0926688897534131	0.7024292707057027	0.1721821308569344	0.0327197086839495
21	0.0092994023040862	0.7172330315953249	0.1870389469032682	0.0864286191973206
22	0.9683383856895	0.0085309942928029	0.021777638376073	0.0013529816416238
23	0.3218302976758496	0.3102203387553822	0.2960824632219703	0.0718669003467977
24	0.021646102413595	0.6474405535531564	0.16509336507352	0.1658199789597284
25	0.0742815513181972	0.2299946587615398	0.5778981095152966	0.117825680404966
26	0.1370495252974935	0.5081665335646327	0.1319778804480901	0.2228060606897834
27	0.7818610062921361	0.0251513608156669	0.1844880073745932	0.0084996255176037
28	0.6761392014195795	0.0930865232711779	0.1332801318704873	0.0974941434387549
29	0.0228005197508659	0.5075003682011476	0.1727294758326628	0.2969696362153238
30	0.2291256627997156	0.3747431148116326	0.1515018600974981	0.2446293622911538
31	0.5055491456914492	0.2033910261575894	0.2846935660079821	0.0063662621429795
32	0.1188733013810732	0.5363284986053569	0.2943221483822166	0.0504760516313533
33	0.312891768442446	0.1423487558411955	0.4671252460984648	0.077634229617894
34	0.4659006671123695	0.1246972567238015	0.3928843118994806	0.0165177642643485
35	0.1725007624845957	0.3741469509330038	0.2253573711152834	0.2279949154671172
36	0.4816549981543668	0.3768616295874673	0.1284362071485543	0.0130471651096118
37	0.7051356797945164	0.0254932492480152	0.2645609637263823	0.0048101072310862
38	0.0804697625066305	0.6299635000261498	0.2117296474020423	0.0778370900651775
39	0.1740734948051858	0.3106230235450131	0.452647849808482	0.0626556318413186
40	0.3232806027797097	0.2830777485061019	0.349697692529565	0.0439439561846231
41	0.7026006967240859	0.0919204783170389	0.1375166150111153	0.06796220994776
42	0.105092671288144	0.6979430060137269	0.163615360879034	0.0333489618190953
43	0.0638786861897178	0.1849649584823416	0.6763398772142379	0.0748164781137026
44	0.6228769543421275	0.0543496224557879	0.3046492216233181	0.0181242015787665
45	0.3033406893041819	0.365359519535445	0.2579962243131339	0.0733035668472389
46	0.0365529592780871	0.5456192941274725	0.2240421313259978	0.1937856152684425
47	0.2907528675469354	0.3164535788256392	0.3770659626792982	0.0157275909481272
48	0.0200920164366284	0.5234124224473773	0.4281530146725608	0.0283425464434334
49	0.1031897030838856	0.5735726206507089	0.1936677939722835	0.129569882293122
50	0.0501322796359248	0.2638396986850023	0.1825045619759658	0.503523459703107
51	0.2481009529772488	0.2852432730080314	0.3732130886123094	0.0934426854024105
52	0.5327836930726495	0.1854821775869743	0.2071724005324122	0.074561728807964
53	0.1736448195542844	0.1869599928690017	0.2187237906226175	0.4206713969540964
54	0.0414885367897813	0.4708058591131219	0.3485454264910153	0.1391601776060811
55	0.1380785381699253	0.450435542959033	0.3324496233749928	0.079036295496049
56	0.1400201002840345	0.549826465469696	0.1997896591700616	0.1103637750762079
57	0.1632998475453923	0.6368093461373553	0.1682768923437147	0.0316139139735373
58	0.4685344873485002	0.1334627977440196	0.2430395736881644	0.1549631412193157
59	0.033180487129087	0.5713302841330711	0.2342056191790648	0.1612836095587769
60	0.0137775526210674	0.69467919468155	0.2098805315969249	0.0816627211004576
61	0.0864787796795092	0.4713061947105215	0.1277079381133017	0.3145070874966676
62	0.0931632397593998	0.5545835105695406	0.2053602553311531	0.1468929943399069
63	0.0790515922178362	0.6025945611380025	0.2973807744155759	0.0209730722285855
64	0.2899811056953427	0.4125348156215028	0.2297279500130619	0.0677561286700925
65	0.2538037994035805	0.2099606289952635	0.2723836620579573	0.2638519095431983
66	0.9403251336335968	0.0053401756905266	0.0460538139375579	0.0082808767383188
67	0.0741537486653867	0.4523371696082452	0.2230137502964868	0.250495331429881
68	0.0851715538928182	0.6140146145030652	0.2600946299723797	0.0407192016317367
69	0.2181955527265929	0.5226095289347867	0.1524086104121519	0.1067863079264685
70	0.6699433021587871	0.0818425092503776	0.1325111485618684	0.1157030400289667
71	0.0079034105148435	0.769643847321499	0.158613402999952	0.0638393391637053
72	0.0480059829135574	0.5391569029299486	0.1369125897042983	0.275924524452196
73	0.0243563958098893	0.7219325113452901	0.145650301552757	0.1080607912920637
74	0.0583336115976287	0.6321262891000302	0.223116402386721	0.0864236969156201
75	0.0386419927235218	0.3704520447012123	0.1613834763705071	0.4295224862047584
76	0.5546955266053127	0.1479188950075163	0.1993894269066589	0.0979961514805121
77	0.0144138291254015	0.2843971452837521	0.3032637061463759	0.3979253194444704
78	0.1339957482980046	0.0582968237386613	0.3569857671708493	0.4507216607924845
79	0.007030689219941	0.1751047584955437	0.1749103300265697	0.6429542222579455
80	0.0155020016677058	0.19693134948198	0.200725517341799	0.5868411315085148
81	0.0206796164050184	0.0808533786123339	0.2882528456423273	0.6102141593403203
