label_id	archetype 1	archetype 2	archetype 3	archetype 4
1	0.0030418025733532	0.9197106175213676	0.0759203429931151	0.0013272369121638
2	0.0321004443005863	0.8069505880779592	0.1230815290692447	0.03786743855221
3	0.0225859823375982	0.7909810240896421	0.0513646129065444	0.1350683806662148
4	0.2311161905442072	0.2757569643263952	0.4904227495643121	0.0027040955650855
5	0.7514557182161443	0.1544390096140238	0.0768422359073309	0.0172630362625011
6	0.2505111515092779	0.4429130786867913	0.1609491285463021	0.1456266412576287
7	0.1044373146618726	0.5602083971169478	0.3207308201950233	0.0146234680261562
8	0.0294113788966352	0.6250587675040322	0.3426422889138031	0.0028875646855293
9	0.8815264494938362	0.0602602995174437	0.0447481472013624	0.0134651037873574
10	0.3024005995618224	0.1406146255912363	0.4622093006784778	0.0947754741684632
11	0.0171815201599153	0.0754901643885442	0.8963312771859665	0.0109970382655743
12	0.4669330597284746	0.2188802591670769	0.3002631537532196	0.013923527351228997
13	0.6468648032628634	0.100688047581414	0.2362956580148882	0.0161514911408338
14	0.0059378709070021	0.4313211184733479	0.1757831432614303	0.3869578673582195
15	0.284099178448755	0.141380976020486	0.4949903868290715	0.0795294587016879
16	0.5105066773909845	0.29422338886493	0.1001602133946398	0.0951097203494456
17	0.9050181426910932	0.0238943772811595	0.0657660048064268	0.0053214752213204
18	0.0092309520842135	0.4572831696829223	0.5285056105614424	0.0049802676714216
19	0.001339492255995	0.919639234751408	0.0764431735041309	0.002578099488466
20	0.0018040625249975	0.55912251035408	0.414811116947288	0.0242623101736343
21	0.0167361814755521	0.5194460698869752	0.3969939723608724	0.0668237762766003
22	0.0097049858351498	0.3478016576337553	0.6367862888137917	0.0057070677173030005
23	0.0119796815789355	0.4098302980348883	0.2049703815881246	0.3732196387980517
24	0.8825685221673167	0.031125167340877006	0.0205113404576797	0.0657949700341263
25	0.2324543602405805	0.2675412510273596	0.4617410960605895	0.0382632926714704
26	0.8817128831618256	0.0246633491298558	0.0643675797624823	0.0292561879458365
27	0.7328765492741203	0.0300546152763423	0.1982097271400578	0.0388591083094793
28	0.9774596266196178	0.0027444413311947	0.0151857893948264	0.0046101426543609
29	0.0020979335574979998	0.7632473161893946	0.2324335336237629	0.0022212166293445
30	0.0070333388197877	0.6483831826234389	0.2648597161384716	0.0797237624183018
31	0.3886215142615848	0.0232389761710312	0.5636559309451271	0.0244835786222568
32	0.3052525156953157	0.0207313783222617	0.5144909611598374	0.1595251448225851
33	0.9941983798198579	0.0018071090016922	0.0035129999775599997	0.00048151120088999995
34	0.9414686573860868	0.0404896227011871	0.0162221058321816	0.0018196140805444
35	0.0038558206477239	0.9377923684995793	0.0505250731115985	0.007826737741098
36	0.0243772401764964	0.7005468956737811	0.2189546026461195	0.0561212615036023
37	0.7350876021468479	0.1445980099275868	0.0648218212806672	0.05549256664489799
38	0.0783888076220777	0.6821341564161473	0.2255580877480187	0.0139189482137562
39	0.8568439989642682	0.0729286868780505	0.059258945456289	0.0109683687013922
40	0.4431053154318669	0.4219653715325802	0.1161972134546844	0.0187320995808686
41	0.9590072432609046	0.0052244075984231	0.0257188681568346	0.0100494809838379
42	0.9920136375102586	0.0004385973794467	0.0065970327664889	0.0009507323438056
43	0.0052434115897408	0.0223899714773269	0.0228434664362642	0.9495231504966678
44	0.1053958165513035	0.2616359862662996	0.4185716947825607	0.21439650239983604
45	0.0082497433102553	0.0789186094128951	0.8632805022652587	0.049551145011591
46	0.3593564888542074	0.2042961648334046	0.3043066165131831	0.1320407297992049
47	0.3033110459095344	0.2965774918945854	0.2866989711272282	0.1134124910686518
48	0.012320929792958	0.2450346922335896	0.7307279201913109	0.0119164577821416
49	0.0529591274794468	0.1257023369601489	0.5879333501738175	0.2334051853865869
50	0.0013040349678388	0.5722029258354585	0.290231181825467	0.1362618573712353
51	0.2498994804038627	0.6057929510749395	0.1022784949193381	0.0420290736018597
52	0.154972002261282	0.7740808101564761	0.0585821914184597	0.012364996163782
53	0.4082965220961217	0.0470309881905077	0.3328132155877953	0.2118592741255753
54	0.3454426256626121	0.0342145669663764	0.0777483188402422	0.5425944885307693
55	0.3450528014583819	0.0945813289912753	0.1986150458986284	0.3617508236517138
56	0.1089287730190158	0.1492883886237113	0.7268528780526321	0.0149299603046408
57	0.0896596288291445	0.7723780951665167	0.1124108176897902	0.0255514583145481
58	0.8501547807616926	0.0112969019575955	0.0962320920010991	0.0423162252796128
59	0.7117441239492102	0.2381094983831586	0.0448975836094912	0.0052487940581399
60	0.506883842885634	0.0955901504942758	0.3848507102479947	0.0126752963720955
61	0.2219710977787037	0.5786676816424389	0.1673011926676845	0.0320600279111731
62	0.0123710373160986	0.9531656790787338	0.0259976265381869	0.0084656570669804
63	0.1321488439045912	0.1854199825526909	0.6152689107386179	0.0671622628040997
64	0.1423517593631287	0.6109529798600173	0.2304408129333749	0.0162544478434792
65	0.0002346864346233	0.0028423774538275	0.0113139562551239	0.9856089798564254
66	0.0291787004651564	0.4686655927101713	0.4991438418347318	0.0030118649899405
67	0.0328975435494694	0.7378299472645454	0.2174274837710417	0.0118450254149433
68	0.0523756357786343	0.7505638172963606	0.180814288036065	0.0162462588889398
69	0.0006177156571984	0.0203424389668647	0.0073629813320705	0.971676864043866
70	0.0552041980769937	0.8066193034071157	0.1078151036349005	0.0303613948809897
71	0.1071214562732446	0.1526488037696913	0.3828358177227902	0.3573939222342738
72	0.0030500748984356	0.006450629135688999	0.0068755570569889	0.9836237389088864
73	0.0127367532725545	0.6623022615822601	0.1235809828426077	0.20138000230257802
74	0.0144850416454459	0.9528592310798689	0.0276445296264028	0.0050111976482823
75	0.7404763870318886	0.0349478866282792	0.1947662548927154	0.0298094714471166
76	0.0021034654806315	0.9286846144324084	0.0665185031910794	0.0026934168958805
77	0.0080650306942294	0.6790229066068345	0.2896885803962771	0.0232234823026589
78	0.0150355123252897	0.529870004824528	0.4280424409567824	0.0270520418933997
79	0.001814904305876	0.8753758657242109	0.0948086791530726	0.0280005508168405
80	0.0055221732590633	0.6780421932234468	0.1861443879175182	0.1302912455999715
81	0.0041207888977085	0.503849768100165	0.4083805338201189	0.0836489091820071
