label_id	archetype 1	archetype 2	archetype 3	archetype 4
1	0.9063198892477332	0.0186072298046618	0.0718171535289167	0.0032557274186879996
2	0.0114097451332862	0.6927659719584343	0.23774350380801898	0.0580807791002603
3	0.452303493670502	0.2447779649598417	0.193049999835046	0.1098685415346103
4	0.2688960022846107	0.5027038208099407	0.1991939324663901	0.0292062444390581
5	0.8296447043023665	0.0388071763427328	0.09276937140108801	0.0387787479538125
6	0.7850164918493341	0.0988300589523707	0.0956466563020757	0.0205067928962193
7	0.289150868534508	0.5332594907478891	0.155614256218434	0.0219753844991689
8	0.6955238206416282	0.1200917726432925	0.1574908762857322	0.0268935304293472
9	0.9454126000854414	0.0121993838409675	0.0324929671861064	0.0098950488874845
10	0.8750792943930839	0.0406087750456247	0.0732155292044658	0.0110964013568257
11	0.6627977812995081	0.1218866167743786	0.1706113577504567	0.0447042441756567
12	0.8608243421100416	0.0248059839092681	0.1090540836633423	0.005315590317348
13	0.3484612661339906	0.0709709005909438	0.3361814429379908	0.2443863903370748
14	0.0154862249790685	0.5747531295554944	0.3531560545959117	0.0566045908695252
15	0.3944604440001644	0.3519069584860949	0.1848099045938129	0.0688226929199281
16	0.9519190714792448	0.0077966821397551	0.0377504145451056	0.0025338318358944
17	0.2061871238287067	0.615960258193349	0.1595131848042456	0.0183394331736987
18	0.0241325030989487	0.357101891586743	0.2211753569781786	0.3975902483361299
19	0.7527849244752148	0.0865046417906929	0.1175681388527022	0.0431422948813897
20	0.0301157929258764	0.7031398271170979	0.1633483236205814	0.1033960563364444
21	0.0901200598353835	0.5091632236427639	0.20583070652477398	0.1948860099970782
22	0.5994299741494984	0.1329868957452313	0.2515714479946907	0.0160116821105792
23	0.2269571467490538	0.3405763570908794	0.3659442173197693	0.0665222788402977
24	0.0226049474452659	0.8010351584625736	0.1267844736436581	0.0495754204485024
25	0.1454635863281321	0.6568983679242786	0.1682672798852216	0.0293707658623674
26	0.8618254726997436	0.0316237818878629	0.1000980869736346	0.0064526584387587
27	0.3751057573178368	0.1885665835154621	0.1678815395531598	0.2684461196135413
28	0.8499840205722968	0.0393767864653163	0.0786734536372359	0.0319657393251508
29	0.5649731132614265	0.2838807547868658	0.10761038455265802	0.0435357473990495
30	0.1931947418586722	0.2918085980994805	0.2339844104463809	0.2810122495954661
31	0.0507657814375974	0.7409005886336535	0.1334570952787671	0.0748765346499823
32	0.0448057314455598	0.6153067501425242	0.2013167823517632	0.1385707360601528
33	0.0964656228962247	0.4542288334876769	0.2662405624474861	0.1830649811686118
34	0.2165971417817954	0.3854862688765059	0.3834045277655203	0.0145120615761785
35	0.0995118579361489	0.5610928873262351	0.2227113517484113	0.1166839029892044
36	0.6983387669544513	0.1329603057843198	0.1404054428367794	0.0282954844244498
37	0.6493481629753813	0.241432373489355	0.0971201725289525	0.012099291006311002
38	0.0436176576053694	0.3969702464947726	0.1459735530823958	0.4134385428174621
39	0.0905588368493038	0.7479550312148495	0.1023585907397403	0.0591275411961065
40	0.1425365278136487	0.6985755602282171	0.1007563855561708	0.0581315264019633
41	0.3304898943342597	0.2914723475238294	0.3282453400823767	0.0497924180595338
42	0.4980734605496592	0.2054003560259663	0.1805854353096362	0.1159407481147383
43	0.1374434862424008	0.5777438461674858	0.1467426519191761	0.1380700156709375
44	0.0040229145095312	0.8008639264241878	0.0932048741274063	0.1019082849388747
45	0.0413517197085315	0.5794166413456009	0.2414552136488947	0.1377764252969728
46	0.4348310527854058	0.42851634146777295	0.0781270481470815	0.0585255575997394
47	0.0482252437035389	0.7594716267447457	0.1504415386833612	0.0418615908683539
48	0.4848675232038961	0.3598167244369645	0.1248632356726542	0.0304525166864851
49	0.8415291658872055	0.0728164957976579	0.0774164857557416	0.0082378525593947
50	0.2239463834286772	0.3020169528244056	0.2959057357653146	0.1781309279816024
51	0.3700419526618089	0.4456103290494992	0.1313764677948588	0.0529712504938331
52	0.9121643963197036	0.0243389087869214	0.0533009142985583	0.0101957805948166
53	0.7327326757783615	0.0686634659249304	0.1371808921195038	0.0614229661772035
54	0.4656783467092937	0.3177357910153705	0.1856312032558152	0.0309546590195205
55	0.0549871163337649	0.3491549880610175	0.3068541182829094	0.2890037773223078
56	0.0925705401059095	0.6275608774484598	0.2069635401108605	0.0729050423347703
57	0.1416389640160748	0.6348262386443597	0.1779108167390169	0.0456239806005487
58	0.0265230141807253	0.6781737847296098	0.2116652047306315	0.0836379963590331
59	0.2197283292858943	0.3883788876591349	0.2058558109604341	0.1860369720945366
60	0.0660108995225062	0.4955146325058451	0.2923403592349891	0.1461341087366593
61	0.0125373310670823	0.47924037581474394	0.1267679708070578	0.3814543223111157
62	0.1527366980343746	0.5723016545927506	0.1553958315611716	0.1195658158117032
63	0.0156271916122176	0.6155798736293963	0.1576884110833229	0.2111045236750635
64	0.8087135659213484	0.1041642704520325	0.0641109138606692	0.0230112497659497
65	0.0177757816068911	0.6614680243893997	0.1747076779027795	0.1460485161009294
66	0.8282792694326792	0.0806458379409701	0.0720393051816463	0.0190355874447043
67	0.0628631052114772	0.0939075157688171	0.175413028215261	0.6678163508044449
68	0.0174310124548467	0.5081165270555464	0.1981928771321807	0.2762595833574259
69	0.03733798682017	0.5956635528922202	0.2176822037873474	0.1493162565002623
70	0.044365183003277	0.6017385879594515	0.2900243625130118	0.0638718665242596
71	0.0805705626274041	0.6922359573315661	0.1269784414478579	0.100215038593172
72	0.2827585682026829	0.1626174942374813	0.15751578530070498	0.3971081522591305
73	0.0163423877183821	0.4911793255088327	0.1370505236800865	0.3554277630926987
74	0.0816204745989278	0.23579595412918303	0.1428656198303625	0.5397179514415268
75	0.0316040398934067	0.6332619621157969	0.136006434569974	0.1991275634208218
76	0.4003699600201084	0.0558206040122349	0.1532217620894181	0.3905876738782384
77	0.4287910575380759	0.1203359999557846	0.1673923399703994	0.28348060253574
78	0.0183397391608542	0.1630785368927068	0.1923151304544607	0.6262665934919782
79	0.19062527020151002	0.19612839636074103	0.1890643296404017	0.42418200379734705
80	0.1064607106452792	0.3143901742508611	0.2538562414057015	0.325292873698158
81	0.1724541341386205	0.4898193704446155	0.2234203132672816	0.1143061821494823
82	0.0687330385710653	0.5713187650840823	0.21651118910363	0.1434370072412224
83	0.0301767233205763	0.1245250180302948	0.3097704326909776	0.5355278259581511
84	0.3700379800838219	0.1595012382926385	0.20599903477963702	0.2644617468439025
85	0.0404214722137719	0.1638118227279403	0.5130416022146076	0.2827251028436802
86	0.0111386691758835	0.7191283138700028	0.130507143294034	0.1392258736600798
87	0.3966059034336346	0.0977951380080698	0.1723120568611889	0.3332869016971068
88	0.0908122318257325	0.3172027679479476	0.2463418963214084	0.3456431039049116
89	0.0877750798976513	0.0356220422621553	0.2506291826270628	0.6259736952131304
90	0.0638432925519986	0.635251749971111	0.1663235510337272	0.1345814064431627
91	0.298163050551614	0.1424396504876076	0.2337786816149751	0.3256186173458031
92	0.049220784248402	0.0965920492579079	0.3202032636735541	0.5339839028201359
93	0.03320886103002	0.063392370782024	0.4797348020177679	0.423663966170188
94	0.2772959295406378	0.21021806880769503	0.2358620745042743	0.2766239271473926
