label_id	archetype 1	archetype 2	archetype 3	archetype 4
1	0.9180561820688306	0.0134717843342911	0.0532724563835459	0.0151995772133323
2	0.94535833432007	0.0380775026701325	0.015763467153669	0.0008006958561285
3	0.9650678023363892	0.010514551763735	0.0231837540352587	0.0012338918646171
4	0.7916274217927134	0.0366702239074198	0.1458968017582021	0.0258055525416646
5	0.9421427179790244	0.0131860711168813	0.0412129647005091	0.0034582462035851
6	0.6710765016765128	0.2363279256747647	0.0860323831978947	0.006563189450828
7	0.7962660675629799	0.0656238786998771	0.1271358257795087	0.0109742279576342
8	0.7884493782262222	0.0366803759586514	0.1726419827923596	0.0022282630227667
9	0.7882605124861869	0.0253001899781896	0.1824832312140851	0.003956066321538
10	0.9343534064070314	0.0518228412039059	0.0112436412913306	0.0025801110977321
11	0.9131460264435518	0.0381771919451316	0.0295537337559207	0.0191230478553956
12	0.94174504038018	0.0161015259018271	0.0276834701844606	0.0144699635335318
13	0.95815191671217	0.0232011606631092	0.017635715980378	0.0010112066443427
14	0.7483708896855596	0.0834267751860747	0.1537656732037259	0.0144366619246394
15	0.9321150439918724	0.0061474846271475	0.0146201838470933	0.0471172875338865
16	0.0321553354581539	0.0788823273874574	0.0333009884922075	0.8556613486621812
17	0.0136460176339161	0.0356928186804983	0.0307422256783857	0.9199189380072
18	0.7115475375993837	0.045260281646838	0.2350961689623657	0.0080960117914126
19	0.1710733183849496	0.5289578530038567	0.2160531799285714	0.0839156486826223
20	0.2863709645414728	0.0571141409925938	0.6337343799079672	0.0227805145579658
21	0.7857241224066162	0.012087637686966	0.1970953936588573	0.0050928462475603
22	0.0010485890647258	0.0052020019367028	0.0215375931014937	0.9722118158970776
23	0.9406352811111096	0.0082134152293212	0.0485297986359165	0.0026215050236525
24	0.0158293992533464	0.20239776914138	0.1422002888028537	0.6395725428024198
25	0.0297390262043094	0.5478430745732582	0.4131906376825929	0.0092272615398396
26	0.1126976774146648	0.8588979052655774	0.0251598889291247	0.0032445283906328
27	0.31443353332329	0.5380480715467593	0.137501123955355	0.0100172711745957
28	0.9264449858371928	0.017854510749637	0.0535294085271958	0.0021710948859741
29	0.277259936386864	0.2351975269634325	0.4752175172097405	0.0123250194399628
30	0.9844939866015124	0.0013487967719921	0.0134047423595862	0.0007524742669089
31	0.557914520830334	0.1132803359216292	0.3098233733082681	0.0189817699397685
32	0.524168162161709	0.1881751919736393	0.279840566490827	0.0078160793738243
33	0.9773502309180973	0.0057338244736218	0.0147081862869186	0.0022077583213619
34	0.0779565296921876	0.1795938096235651	0.7276350057774285	0.0148146549068192
35	0.0178443478321312	0.5222590926058541	0.4519121643833597	0.0079843951786547
36	0.0423889377510999	0.8742140061071072	0.0766335636925456	0.0067634924492471
37	0.7835118314115687	0.0157208127983429	0.1948828364379606	0.0058845193521276
38	0.7015553897613175	0.0664650812079815	0.1995449492589623	0.0324345797717386
39	0.2908385198502211	0.2009156183115078	0.4947550076945068	0.0134908541437644
40	0.5629521882494418	0.2137643189476195	0.1895731595567019	0.0337103332462369
41	0.6024657600923046	0.0560118616160991	0.3317128370467276	0.0098095412448688
42	0.471288331176219	0.0340002987830861	0.1289401689540698	0.3657712010866252
43	0.0345063796384579	0.1475064128613058	0.6400215322895682	0.1779656752106681
44	0.1687170127795184	0.5286858618140287	0.290143618050016	0.012453507356437
45	0.9058625609219348	0.0203049739563211	0.0697144454393571	0.0041180196823865
46	0.6773117298731994	0.0781544628535279	0.2361204022092926	0.0084134050639799
47	0.0234900449690038	0.9358735266962496	0.0389260580762705	0.0017103702584759
48	0.0002844773137576	0.0010545585902898	0.0057161463500872	0.9929448177458652
49	0.039360400269049	0.899174325128311	0.0554524095117704	0.0060128650908695
50	0.1496928126787452	0.5811460128147136	0.2615965549919378	0.007564619514603
51	0.0913329008576662	0.5999164632369998	0.2983429175789606	0.0104077183263733
52	0.9101465300758468	0.057739237501033	0.0310620268171964	0.0010522056059239
53	0.0363054636370751	0.8071161491350233	0.1484482537616277	0.0081301334662737
54	0.3616739670103697	0.3601392811647983	0.2671365306303284	0.0110502211945032
55	0.0389461516338011	0.6878236386613441	0.2613514466145369	0.0118787630903176
56	0.6540235794474989	0.1370263944071078	0.1949821060269591	0.0139679201184338
57	0.8438687091393067	0.0200080015843819	0.1261693382255165	0.0099539510507946
58	0.0150974708081068	0.7060127625594834	0.2749381475421676	0.0039516190902423
59	0.0444713951696434	0.6929250867700852	0.2244229723630477	0.0381805456972233
60	0.4871717867142091	0.0256695425354798	0.4610519815194242	0.0261066892308869
61	0.0003310259284359	0.0022827671520585	0.0138083179514427	0.9835778889680626
62	0.0553094880108598	0.7724536345518476	0.1685578221835109	0.0036790552537817
63	0.0108118926623572	0.9139397167817604	0.0690682607835142	0.006180129772368
64	0.2385613434947713	0.4516286828837993	0.2572776677336479	0.0525323058877811
65	0.0513347685445194	0.3087528122943951	0.581784481283879	0.0581279378772063
66	0.0863558567594518	0.1503739324654854	0.7590249799715185	0.0042452308035445
67	0.9199393661347142	0.0148355333114968	0.0604158808835691	0.0048092196702199
68	0.2409761336654676	0.2864904476801794	0.3956497940572827	0.0768836245970699
69	0.5130543530484762	0.3583287400530189	0.1143336451767436	0.0142832617217614
70	0.1299071187987784	0.4100095932360663	0.3375365403112098	0.1225467476539457
71	0.0629846892015248	0.3454595364900452	0.4900402971929307	0.1015154771154991
72	0.0126341788409788	0.9498515991463536	0.0340857988096502	0.0034284232030172
73	0.7499317788596123	0.0486648580926289	0.1943550445221193	0.0070483185256395
74	0.0299470157553075	0.7652884184662002	0.1892929532760378	0.0154716125024545
75	0.0039295779244779	0.8504001716705327	0.1426909877515322	0.0029792626534572
76	0.0459299056282709	0.3386811586992257	0.1714702145554758	0.4439187211170276
77	0.0481599735103824	0.7340637791469988	0.2083026516358085	0.0094735957068103
78	0.3796837310785468	0.499298842816108	0.1136477938958677	0.0073696322094774
79	0.5030404054045684	0.1397905502716652	0.3457654390366012	0.0114036052871651
80	0.0152608039248513	0.8111797536963216	0.1725793711157304	0.0009800712630963
81	0.0003836383432123	0.0163460324115998	0.0085668090405645	0.9747035202046228
82	0.873079574135333	0.0096972123841866	0.1034789615072506	0.0137442519732296
83	0.1397330400539675	0.3827803532564083	0.4705273866212224	0.0069592200684018
84	0.0503122876705412	0.3383403644970244	0.6051979712766475	0.0061493765557869
85	0.0102619408323433	0.9260982121986544	0.0621645223736186	0.0014753245953837
86	0.0469008807857731	0.6786132305584487	0.2571388235650294	0.0173470650907483
87	0.0018742177646637	0.6986843059785269	0.2703516698937925	0.0290898063630166
88	0.1853409232430206	0.1170477343707363	0.6781131870516608	0.0194981553345823
89	0.1503165670326592	0.4876358301632121	0.3501174689099964	0.0119301338941323
90	0.0058691262638987	0.9241555700715016	0.0687472073315706	0.0012280963330288
91	0.0028053757787905	0.9346560297751731	0.0590418855150354	0.0034967089310011
92	0.0161979118183497	0.6588238257830479	0.3213361014139893	0.0036421609846132
93	0.0258385927868013	0.814694322333101	0.1521142034382603	0.0073528814418372
94	0.0058764069136506	0.6306718338863698	0.2047410540255222	0.1587107051744568
95	0.2460010455649496	0.2858161094407744	0.4571917704191366	0.010991074575139
96	0.0088123576728556	0.8946634988388467	0.0780802081894829	0.0184439352988145
97	0.0021188555445255	0.8697018034090968	0.1260413730640105	0.0021379679823673
98	0.0056111076791935	0.7600520101460243	0.1920530126514702	0.0422838695233119
99	0.027044991095539	0.7431338090740284	0.2166693631323389	0.0131518366980932
100	0.0044338641925182	0.8223909821271058	0.1516894718568443	0.0214856818235315
101	0.0218172450506602	0.4673304232890006	0.502920304908755	0.0079320267515839
102	0.006284676972945	0.8551446041024389	0.1342853344959257	0.0042853844286905
103	0.0112830097080776	0.6344089349277711	0.3476462436458072	0.006661811718344
104	0.0037967211246539	0.8835651436813514	0.109206501653747	0.0034316335402475
105	0.0056979706583987	0.8762332806224904	0.1144353155926053	0.0036334331265057
106	0.0141004431085552	0.8774681789783695	0.1041205477035564	0.0043108302095187
107	0.0056018961756294	0.8828284359705241	0.0978377857309113	0.0137318821229351
108	0.0021991566963144	0.8278867132170353	0.1671821232661678	0.0027320068204822
109	0.0030685862479065	0.7008693806279384	0.294182084035682	0.0018799490884731
110	0.0018709490293384	0.0053387816593551	0.0470725459281888	0.945717723383118
111	0.0055688494896261	0.8617056544635222	0.1215737937602215	0.01115170228663
112	0.3699513447218782	0.0561969167472091	0.475394736171263	0.0984570023596494
113	0.0028861612693614	0.9368571544264916	0.0556053429411233	0.0046513413630234
