label_id	PC 1	PC 2	PC 3	PC 4	PC 5	PC 6	PC 7	PC 8	PC 9	PC 10	PC 11	PC 12	PC 13	PC 14	PC 15	PC 16	PC 17	PC 18	PC 19	PC 20
1	0.5790493408678303	0.2402946679125734	0.0749893580028595	0.2931722340779972	-0.2541070417731459	-0.3229513928243702	0.1378749125122866	0.0455807426235321	-0.1266986245989663	0.2115324528108811	0.0476055293556671	0.0328835063421717	0.0931007989774993	-0.2897242288639723	-0.1210776707736656	0.0447054509425298	-0.0099628920206637	-0.0784867516615891	0.0833575261040385	0.1409930265030734
2	-0.6488577280798667	1.3947963406435493	-0.0975204040054941	-0.4033384470033648	-0.2267375793873728	-0.0602958163459081	-0.0693327588091082	-0.0951578620866974	-0.1725364322344343	0.0244388252357317	-0.0269601644082224	0.1002392382376925	-0.0771399947435124	-0.0999918084769276	-0.0450466717251924	0.0590061695480424	-0.0251921161442985	-0.0474469173184907	-0.0149288701131871	-0.0101927949462749
3	0.839522843107681	-1.9443932190979785	0.4417574332033979	0.4972135910362015	0.1328415032418046	-0.010480637817538	0.0610048271408772	0.1464547493669185	0.0526829732556724	0.1074512986306041	-0.0632530790062814	-0.0591384496438426	0.032923934641715	0.0292186515507175	0.0845020840206363	-0.0626466165559083	0.0286227439043142	0.0374358946847202	0.0842856789979149	0.0330027076536882
4	0.0164086104629645	-0.1744399188085477	-0.3637735637878073	-0.0097747814196952	-0.1657437302719898	-0.1968736224796985	0.2617876616232486	0.1561576359447209	-0.0067899271991281	0.3302403314595323	0.0036496724158313	-0.0739953033542121	0.1627224511820687	-0.1567691662923992	-0.0456591380739845	0.0184627132728464	0.0376155690984013	0.0107078398049189	0.0532893645670453	0.0726092683136717
5	-1.5233929329116016	2.408501445310023	-0.7279968723853706	-0.8727537135591747	-0.3348673914181559	0.102281921026837	0.1084962227028022	-0.0588743342721666	-0.0105433628486401	0.0722009697392431	-0.0563731785836501	0.0196412608250589	0.0203678964109971	-0.0228806147573875	-0.0540749726634955	0.0694749798602415	0.0369420158808901	-0.0243693515375296	-0.0973464193265976	-0.0348373553148576
6	-0.4568202504380108	-0.5554397141987532	-0.0154404712998903	-0.0642609735421732	0.2171685988857336	0.334675851454648	-0.1508501672360364	-0.0089532377634652	0.2189028767977126	-0.2430438184010805	0.0041699010325294	-0.0102184424651226	-0.0108172765717244	0.2958944113831667	0.1171652616477175	-0.0752993793294603	-0.0286944151110664	0.0763659341358165	-0.0633142808136099	-0.0883067008162056
7	-0.6985783525464874	0.2331746335979372	-0.0177022398907349	-0.1964358840008465	-0.1091792192829365	0.1666384025505815	0.0350479622714757	0.0734844271358479	0.1002527018502886	-0.0331725637211582	-0.1243369771965537	0.0071731656773135	0.0062001211934938	0.0956778390250388	0.0618006771084623	-0.0441154176424906	0.0128860627768325	0.0201670588927317	-0.0264648292588058	0.0116392983772785
8	1.65440140183726	-2.788486252761026	0.0634056320845189	0.8829796252635982	0.6514930538570872	-0.26964586834978	0.0552000744136016	0.10623315890516	0.1005796523716014	0.1206020033464012	0.1988686407192124	-0.1658243573871375	0.0877930936683943	-0.0311681867443135	-0.0249300988513045	-0.0371413567958268	-0.0087515276431926	0.085254625179472	0.0722962269991561	0.0306606262449868
9	-0.2457294038163776	1.0553087940846453	0.3118580296579734	-0.0912837547337878	-0.4805219123518581	0.1716882523471686	-0.0447420361143986	-0.0146731716359636	0.0017239344746103	-0.0938458289190171	-0.1444583539112083	0.1246825465991849	-0.0078134375357847	0.0047217572040536	0.0260821672613645	-0.0053481145104689	-0.0195916846911613	-0.1332277906880458	0.0328186072249124	0.0926824247711354
10	-0.2527357622541439	0.303428025046926	0.0309262870860114	0.0996136453725351	-0.4727930199499799	-0.1967550838671256	0.1312588831292009	0.1507074012309705	-0.06999956550159	0.1439199198077435	-0.0130056572506467	0.0740251373215827	0.1522916553377441	-0.2407560475559156	-0.0228536721077135	-0.0349180214848025	-0.0184913969861875	-0.0073116303783782	0.0855951700674533	0.1454317116003926
11	1.9446513247761916	-2.0378764213830007	0.2467902620411803	0.8747051686448148	0.5288431716291915	-0.3528706379007687	0.015275249125561	0.0331112753872734	-0.0383490822345466	0.0651440308655964	0.1468806690206683	-0.1182880649093564	-0.0068598970834248	-0.1232620074754685	-0.0690923965458937	0.0028348142195281	-0.0108641558623309	-0.0144212571849681	0.0920484745409975	0.0756981786377814
12	0.1347433254207574	-0.1663218315365973	0.2860234611098615	-0.0158725309373434	-0.0231945165075679	0.2360950899007622	-0.0733972949059782	-0.0469046926618164	0.0537627806800167	-0.0894631478614464	-0.0838362002078717	0.0171567283383048	-0.0592578609005061	0.1507977396180991	0.0692745890333237	-0.0069399075533013	0.018350749210928	-0.0356477917648198	-0.0076391132489592	-0.0454018945602519
13	0.2690953625680551	-0.5360738104566378	0.0777997666388576	0.0794874728481574	0.293918141083487	-0.1501954000474342	-0.1201324697978587	-0.0543916354481652	-0.1289995833644755	-0.0331503928549981	0.0682499245814939	-0.0032623410174723	-0.1021794116192796	-0.0147377284069761	-0.0074780251495932	0.0113135179012268	-0.0343419756291861	0.0455781030698629	0.0010922906130155	-0.0621718413240085
14	-1.3442465431969557	1.388795939210132	-0.0929284282608128	-0.6274322013149387	-0.2172483229336774	0.332370857970012	-0.1470522011082365	-0.097441019164467	0.0345324055504282	-0.2396184777501278	-0.0705684607505373	0.0942481371187464	-0.0658073429583088	0.2085061812521693	0.074844716604804	-0.0146736576682104	-0.0245476450134076	0.0245392065045513	-0.1016909231087405	-0.1194243706470367
15	-2.1685541234083145	2.9197386605183446	-0.3699120135778725	-0.8912067068756695	-0.6879394365623536	0.2435593123140046	-0.044237366605897	-0.0934559723366203	-0.0062713028471427	-0.0811966190671319	-0.0492591079643985	0.1933869357808595	0.04616775371713	-0.0444577249010118	-0.0095105203777612	0.0191230101369389	-0.0146498935533507	-0.0070753704725449	-0.0924593053250215	-0.0160341265484767
16	1.062526907883297	-2.0038360965471416	-0.0072075082712032	0.5347718475900933	0.5302060466195548	-0.1700661168559359	-0.0037818853782832	0.0804219617286762	0.0564752542561475	0.054204497930177	0.1021170366457805	-0.1250458379356689	0.0121371895688968	0.0156359813432758	0.0142590607090548	-0.0342098647061102	-0.0114101215933087	0.0589721090085087	0.0532550445615562	0.014759207694852
17	1.1319351524322256	-1.1332789202957054	0.4597768804128593	0.5974528751348674	-0.0237425677422709	-0.1522065135134847	0.0138576455711274	0.0560478529171483	-0.0431852744608659	0.0659425499622341	0.0257720346572085	0.0114341985681457	0.0381745018815441	-0.1424929454068682	-0.005071685559116	-0.0216830260991652	0.0011567614401211	-0.0405727763507376	0.1083393574966298	0.1029173825619082
18	0.3540132305662111	-0.5727965286104485	0.2384705997949929	0.1406468201639185	0.1421418730327049	0.1063332688292626	-0.134086063332893	-0.048346106621662	0.0251308730973747	-0.0745775332609032	-0.0093531018583824	0.0196229618471295	-0.065025940861883	0.1064176193610145	0.0454276820393769	-0.0059737842481513	-0.0262084049663602	-0.0251980468749552	0.0156435981185177	-0.0241875740188224
19	0.2267258073463415	-1.1632420864083006	0.1716003382985211	0.1522077093254622	0.2611688786848858	0.2559995125545202	-0.0932774536628998	0.0146734034070022	0.1702708963064113	-0.1303505813517013	-0.0260438212702983	-0.0469153775849629	-0.0247014003329934	0.2406440561243707	0.1117430673872702	-0.0578375625505701	0.0042068836467873	0.0428425617270713	-0.0135673395335944	-0.0633476002782209
20	0.2204286415300172	-0.4193362127834467	0.3954987239349872	0.1776646015125425	0.0312182769924334	-0.2029462155659973	-0.0967813767915033	0.0145513628269081	-0.1988724663277565	-0.0257359306365466	-0.0298396396290145	0.0622266244166892	-0.1064527849036162	-0.1275922032284431	0.0137483119242511	-0.0217786812869416	-0.0298816814589656	0.0191573467606511	0.0542545876477411	0.0250405197882898
21	3.752618500687356	-4.083589363390606	-0.0940350585660474	1.625539554388512	1.297296149568	-0.5027104631949116	0.1103790318121831	-0.0895123969430148	0.1899298447319866	0.2724447087807989	0.5907133047321814	-0.3210350394743616	0.1809874454463337	-0.0886568781031546	-0.2401231860877058	0.0917749160479089	0.0032500986372701	0.0603880021332541	0.050874429354712	-0.0312641937059378
22	-0.986905192831053	0.8596519441939877	0.0790474738242388	-0.3031290886772271	-0.1108268926756847	0.1370878518081427	-0.311737920822945	-0.1313027985429176	-0.0654297769181323	-0.2344599787226291	0.0434015324925215	0.1788075913423824	-0.0956845924278959	0.0226213891314368	0.0547023189837771	-0.0253142833765966	-0.0816180328047191	0.0314554143871827	-0.0283676102618552	-0.046266462243276
23	0.057869962334828	-0.7560637860186114	-0.0059380880026493	0.2794259682391008	-0.0189823971029219	-0.0506825788230948	0.0352501443225635	0.0919349224462434	0.0953606343088391	0.0714784697979054	0.0860499596933008	0.0075210834457918	0.135398949533919	-0.0555304383432649	0.0041495864340449	-0.046091860809166	-0.024950345009985	0.0556068169652783	0.0381668004747499	0.0559164997934138
24	0.485729445815434	-1.7179738248673522	0.0418653841304555	0.440313605877709	0.4403744452767573	-0.0708389345637215	-0.0693732872039234	0.0774542765771226	0.0966690505741017	-0.0887744467374726	0.1101928361612408	-0.0705378928492365	0.0198855085651604	0.04195521897123	0.0533601515838811	-0.0826978604770178	-0.0227609890059111	0.1162006393008248	0.0213828183704259	-0.0018186577536518
25	-1.0720475153818094	1.2802526249291242	0.0364533311731222	-0.3911941296732246	-0.1327018442295731	0.1648636914934846	-0.2323329875958229	-0.1124230857298351	-0.0380125433055052	-0.2636100964267598	-0.0381102944313149	0.1412913368454589	-0.1181534670012448	0.0585261694198794	0.0404513394884564	-0.0205073130156742	-0.0560307467874438	-7.047456461380875e-05	-0.0569307734002855	-0.0300628615177522
26	1.1664356531824382	-1.6490089514923574	0.4184541238704739	0.5029923910708943	-0.0236902327614713	-0.0273820047132886	0.1655473390458487	0.1382830375349387	0.0369521530422482	0.1953688408471965	-0.0680589427911246	-0.080671366005459	0.081429920898628	-0.0131811778219297	0.044892934527773	-0.0232632596652456	0.0612197737627861	-0.0194646710169494	0.0974424314673081	0.0477338307459997
27	-0.1865776132858686	-0.0579768118965514	0.0959502683516883	-0.0029885189112382	-0.1028996564320499	0.2671929135855619	-0.1348895498995826	-0.0618707603342633	0.1283513946174068	-0.1172486011526303	0.0503019648926952	0.0696641728998742	0.0458926503185792	0.1143509312562565	0.0648533898950296	-0.0272119952562341	-0.0195628882325744	0.0046044970711134	-0.0068859777895911	-0.0326218611086419
28	-0.8471037141105517	0.9471971448655464	-0.2662327790215862	-0.3683339028504414	0.1069595885823337	-0.1727537558189945	-0.0428764476257286	-0.0184665954249731	-0.1479633965840037	-0.0609043877558148	-0.0323039939889166	0.0167487679090663	-0.1255508075262237	-0.0853239153739968	-0.0340814696098294	0.0069227249169654	-0.0193066569663956	0.0468766333384176	-0.0517913454592237	-0.0123579984574427
29	2.5463234432248623	-2.589562650595437	0.5222620870632557	1.2402807855473408	0.4654826498754288	-0.355719825319283	0.098462080767122	0.0565148654335604	0.0293234359686426	0.1243409782098468	0.1785041964640404	-0.126479669161369	0.0756625290878716	-0.1708256591308777	-0.095697804646765	-0.0029332823600027	0.0159573954813081	-0.0267937683871781	0.1186268473692662	0.1168649531343437
30	0.1758918471754544	-0.391557622543764	0.0792677404831235	0.0863943609742745	0.1733453478558697	-0.0029740479162864	-0.0561842298024722	0.0543968854389113	0.0017855586473731	-0.1802388210856632	-0.0752981246746413	-0.040940940303529	-0.0838438043987462	0.0846717524090181	0.0599816054783177	-0.0550319061486788	-0.0151838572032417	-0.0007325813001573	0.0087003670549524	0.0217873527395501
31	-1.2296410133248754	1.6171603883000008	-0.3300516280645302	-0.5135755108350673	-0.4084515395971687	0.0795775875190908	0.0706858954471793	0.0092713259867775	0.0031235768520633	-0.064348425174401	-0.0160205109090978	0.0563385402462109	0.0800619401613243	-0.0080606376921938	-0.0118293683395014	-0.0068647711983011	-0.0018376684800726	0.0287045801580457	-0.0665744707914252	-0.0218096153541594
32	0.7650227087555799	-0.8888495399620617	0.1514311690278396	0.3913520341648041	0.143970926583479	-0.1714724926844962	-0.0009445727697805	0.038186944353546	-0.0364996244396641	0.0128607070884881	0.0665749655385165	-0.0282779738587766	0.0178554241757264	-0.0717575508458829	-0.0178742031299684	-0.0153253861150191	-0.0185727971351481	0.0037575302025473	0.053597648134648	0.0426315313719476
33	1.5681695225366334	-1.295301821187738	0.3899774381292776	0.6442651425225213	0.3091105910149704	-0.2522815086543321	0.0035331435945184	0.0082503652587797	-0.0858462177667284	0.0221505031237423	0.0353636108695966	-0.066070395229122	-0.0612269784691528	-0.0921238283023003	-0.0483935646083679	0.0120706786299402	-0.0013286726930721	-0.0567852442323347	0.0771169928640436	0.0659249783847344
34	-1.470124431768442	2.41150149534635	-0.4341089813335181	-0.7680012676786017	-0.422221875849182	0.382398075972819	0.00112801100601	-0.0954698100135928	0.1396578588151983	-0.1454638539672792	-0.0969460462396532	0.0685648879090796	0.0237711544147656	0.176734588116547	0.0023808866746861	0.0325437970499158	0.002285805341474	-0.0746625142152143	-0.1159574284220563	-0.0387332758428741
35	2.946797345812952	-4.271909323468	0.2309733017131695	1.2022590276380556	1.1775266675996938	-0.210977489443202	0.1706637397886548	0.0986002901584989	0.1898265087559716	0.1490971103372098	0.1585091024491562	-0.3711017301346024	0.0099846385879827	0.1588409216640573	-0.0151054655693045	-0.012800303061264	0.0838619962660394	0.0868294598775474	0.0416865446183235	-0.0649537556082496
36	3.002889607894998	-3.7066822639885006	0.1272949272360659	1.465699629015682	1.036564295761486	-0.6317738555447022	0.1314489680925275	0.0791546724740134	0.0272612610782488	0.2028399166724876	0.3636357112678653	-0.2611072175443235	0.0868330349064582	-0.2313449310449176	-0.1545174824831555	0.0012318978974665	0.0128836378687952	0.0885380851670894	0.1025968290029842	0.0777790791660228
37	2.8209215426259924	-3.55309053355973	0.3436088761173087	1.211481736371424	1.019921356877104	-0.4954949780769602	0.1005611844936126	0.0302085298048309	-0.0410531868256133	0.267757089777753	0.2113610550848502	-0.2444861706227862	-0.0419123800700677	-0.1417486924314726	-0.1090442737768879	0.0380263604647434	0.0477025110916795	0.0554743375336108	0.0886624902588448	0.0088204107912158
38	0.9430068036229684	-1.3209857477642963	0.2159857608794702	0.4194584089133601	0.2674890933137522	-0.0081187163840215	-0.0603717349177434	-0.0229649029518293	0.0447961772509885	0.0535953323459718	0.0760822985237916	-0.0331324908970303	-0.0004177842442277	0.0209503355835063	0.0105964267898476	0.0038821731441419	-0.0017060658490407	-0.0046500002462683	0.0474257107207377	-0.0034296528128265
39	0.6161102006123486	0.2234323622247839	-0.0402785024285576	0.414480749912923	-0.2919301030853885	-0.4426653183438244	0.0956758406772268	0.084605574476397	-0.1452670658347068	0.1005528761535599	0.1393773169683415	0.0510434893716599	0.1515763381960393	-0.351638350169225	-0.1251904103175858	0.0040930698242568	-0.0614289713621092	-0.0582921766524349	0.1100752909145805	0.1886763264852011
40	1.2504054834182696	-2.0359689456010743	0.1464509807325655	0.5574841692997763	0.4831681283225873	-0.0636404988903361	-0.0066715121778829	0.0684697735164503	0.0861798605919908	0.0342865760434224	0.0395514867755595	-0.1248560152308062	-0.0098296769866137	0.0780740175345269	0.0382348745260475	-0.0305895900732456	0.0044169398816438	0.0145067293785174	0.0591452483823535	0.0155677171476184
41	0.0876016434802628	-0.3302100013144333	0.0046462514197868	-0.0034334311077117	0.1085455063358561	-0.1533150628875188	-0.045038877251298	-0.0030774027678531	-0.1334028308471266	0.0869672975582547	0.0195823917581732	0.007276235591559	-0.0570760233119509	-0.0899400712841546	-0.0003972084296351	0.0141615323309904	-0.0085636568324466	0.0271573845023797	0.0322159751257705	-0.0136692527757938
42	0.7389537752422077	-2.021772689747676	0.1984331775858724	0.481547687415099	0.4071012550953559	-0.0857774540602347	-0.0701240030464516	0.1117658516250192	0.0397984393085359	-0.0480825143052612	0.0336696634884879	-0.0724749961373546	-0.0179082982673592	0.0461897662723596	0.0873830925406685	-0.0844200256571974	-0.0189848544253436	0.0827492775688039	0.0641445874832647	0.0146250606441066
43	-0.5641800134377122	0.5976601110975347	0.0707679582036083	-0.1400220623176543	-0.4307737562840498	0.0313827049670723	0.0789682072212538	0.0712662874107933	-0.0148723597555701	0.0761553776435514	-0.0693055238778969	0.0754270469687933	0.0849910945906777	-0.0816960484490704	0.014675508630627	-0.0186682631449826	0.0059363950903045	-0.007577980569381	0.0247191423780544	0.0535658779992456
44	0.1412571456394893	-0.5849615909260977	0.3487980421239914	0.3341900374858135	-0.1740446518557908	-0.1647912147526565	0.0161190053332134	0.1273398637662981	-0.063967859618797	-0.0098899261552141	-0.014681342067488	0.0559904568385114	0.0522882728338632	-0.1480294127622333	0.0250067445328127	-0.0734577040559142	-0.0259172160954734	0.0354636442313021	0.0760197815677931	0.099967446092587
45	1.6426829277702046	-2.802810277529179	0.0045846424647664	0.5901488615029746	0.6017553930200715	0.0074751175289898	0.2501138185900485	0.1685826241729068	0.2098754726347517	0.1778740905725315	-0.010417021274127	-0.2983624466620608	0.0718052569736397	0.1869140027470034	0.055920626812325	-0.0305485899380096	0.1080678759569824	0.0585569091732526	0.0311904200702538	-0.043446898916407
46	0.3764936413819496	-0.90589141446472	0.3733073512806703	0.3159384920392315	-0.1133163030487485	-0.0146445887816853	0.0710748927127105	0.0839331563337894	0.0119954826657845	0.1218712321192342	-0.0304612839297435	0.0129323216744051	0.0594698890080626	-0.0918732756099315	0.0348570128314147	-0.0357898414031564	0.0417136098474462	0.0278680466605124	0.0627614907084616	0.0472939617139861
47	1.4923422107010995	-1.9663188752534184	0.4288136659163259	0.726328503019474	0.3007887271510749	0.0842505491283339	-0.0603225530372766	-0.0074373582617883	0.154276436669905	-0.0198214374076801	0.0965777133718215	-0.0535447778345443	0.0474729275221718	0.0930597416167524	0.0331380581602261	-0.0257548438742019	0.0013539739221448	-0.0187393114776936	0.0628611262622571	0.0134222575697924
48	-3.0455827750937763	4.104046250704684	-1.0294450587820945	-1.3701419028234922	-0.9308605257980502	0.6889842300227358	-0.0293342495808126	-0.2529750426680796	0.2932075576958853	-0.1069590795197199	0.1757696936090412	0.2069422915862084	0.2843063047994816	0.1632692957306663	-0.0308251854041787	0.0685364411763287	0.000914799025281	0.0311983983250085	-0.2194589556663661	-0.1720938548656213
49	1.255634564843314	-1.862254213531089	0.2455825040513843	0.5507658437025248	0.4900822305904852	-0.0184375183398822	-0.1276791268380659	-0.0448919705138826	0.0560122810318442	-0.0534469696674405	0.1383572820278659	-0.0666978006798666	-0.0271903894691718	0.0949306150081575	0.0247678129661331	-0.0126334734363275	-0.0216793725862793	0.0293798209524585	0.0345373079594487	-0.0502955139809171
50	-0.4311386410958613	0.1525507057276831	-0.2742975763690956	-0.17802200812326	0.1551813633155323	-0.1357537221193198	0.0003978373638318	0.0261881913396449	-0.0626640373658779	0.0409720333200052	0.0002754336432658	-0.0231426057119375	-0.0466686511739177	-0.0490392037903597	-0.0154925766125916	0.0022742133218236	-0.0125913181493346	0.0467450588604579	-0.0168707432101427	-0.0039655278522304
51	1.6887151443334598	-1.919911113185083	0.1037411731369995	0.7091055439640763	0.3096840212690112	-0.3977323265228912	0.276141472650936	0.16190585190882	-0.0376233729741083	0.2822007443729915	0.0597544152255142	-0.1868509203839535	0.0953291612467387	-0.1485870447547471	-0.0811646058287504	0.0123116829555246	0.0484417461581226	0.0096268531909525	0.0880310790612665	0.0719952015107871
52	1.5746707790690673	-1.3884864356371591	0.2307144071218857	0.747802003605687	-0.0870429939472584	-0.3054531549194653	0.2764090960822482	0.1960640451336057	0.0057948948974768	0.1449846459048175	0.0541874643272259	-0.11577563468861	0.1970197926707471	-0.1348009988225112	-0.0592577854833779	-0.027940445508184	0.0154265029647128	-0.0347302055605985	0.110034669561551	0.1271768434206964
53	3.0037135269177093	-3.740611258069048	0.3326835585225001	1.2824097827822505	0.972088451142592	-0.4750300393522223	0.1994121350707796	0.0614675513816083	0.0115979866275518	0.3100336793637251	0.2279280682526947	-0.2854161817438193	0.0297361846428933	-0.1263305723628692	-0.1174733150746906	0.036539437027324	0.0761909887342958	0.0677173222587479	0.0828418160719645	-0.0018870459701023
54	-2.054570897095365	3.1960280703548567	-0.4637142784529321	-0.9377874161721486	-0.9905205126109764	0.3283781834278412	0.1758815148649693	-0.0857167226589738	0.0781513137013417	0.1773240389481622	-0.0296146477606097	0.1669348960329639	0.2132886406457164	-0.0767744437916709	-0.0646289714486827	0.0784409881668154	0.0524503547041695	-0.0396467246510065	-0.0960411164225676	-0.0268390581328209
55	4.134363842385385	-4.570507417390945	0.2257025395269151	1.7689177748666691	1.3224280849429462	-0.3628787409762999	0.1195127968934662	-0.1066641695833224	0.2407014770374619	0.3227299418121931	0.5079729843924925	-0.3283122346465474	0.1376750575939109	-0.0638653583040365	-0.202175071871575	0.0942472555559313	0.0651483857092862	0.031975942517285	0.0684735867182141	-0.0267919658615544
56	2.4801054993873985	-3.665079729756764	0.095537139330506	0.9422172198786836	1.1624036212427769	-0.105524319481979	0.0498024844860399	0.0314929312292155	0.1909429594759991	0.0709113771908258	0.146476126139489	-0.3215676108984969	-0.0424112286602939	0.2397367511143402	0.0018966163832168	0.0020696790111444	0.0423240403723671	0.0580858907356372	0.017195849325011	-0.0916178200602183
57	0.6318081836834977	-1.2747776633093373	0.2668457770672835	0.1281694288326853	0.1583929141441818	0.2271400291600746	-0.0098865657416202	0.0344853556700761	0.0863897680330932	-0.0321240052042846	-0.0906519344236885	-0.0817902083578028	-0.0341197744884629	0.2341358584630282	0.1203215573166777	-0.0292331454121143	0.0412498094426296	0.0014875264087824	0.0180047589393282	-0.0807829751402502
58	1.6381993116084907	-1.6373203295716698	0.0428351932658784	0.5586826277136675	0.2867211233291046	-0.1691814026077003	0.1812842536819354	0.1013721462390108	0.0460907472611928	0.1494981120708857	0.0350681135426408	-0.1785222849864577	0.0741040654515566	0.0291299380200317	-0.0315860115948356	0.0155992936866525	0.0300119989210007	-0.045818840020013	0.0685874085024177	0.0341522623030055
59	-0.1175391715379158	-0.757536348774631	0.1580598534195348	0.125733850921822	0.1175566879489929	0.0364452558606063	-0.0392724772823998	0.0865870897410815	0.0480197396769745	-0.0665822781724359	-0.059945013952474	-0.0071993855103024	-0.0282246092414743	0.0395152850016032	0.0789367038973914	-0.0728807010806779	-0.000652186071601	0.0592236849861218	0.0173777997721404	0.0219784724603704
60	1.4850589103765024	-1.5391274869315184	0.0705836305046098	0.7383495981770184	0.0853251619764553	-0.3874060592115211	0.1702807173452276	0.1508087059104736	-0.0321369285731583	0.184681740677236	0.1384914617594401	-0.0913296609337298	0.1658539725236243	-0.1990685418215308	-0.0729539077420113	-0.0137351952076515	-0.0160685398975357	-0.010630686742122	0.1222076373220409	0.1267129809072627
61	-3.764010099141867	5.499976672356999	-1.21245794107673	-1.6486144650974688	-1.3709680564371325	0.8968056841617826	0.0534929423830736	-0.304591978842433	0.4261834220499677	-0.0497028469627937	0.1885986785523898	0.2816519066933338	0.4242413708849903	0.1724566562082671	-0.083025992481305	0.1074273231060556	0.0088490599550598	-0.023129129825555	-0.2672409173994159	-0.1556026392481356
62	1.0432235711333393	-1.6860268263347853	0.3208613610876347	0.467275017252368	0.4126432039113217	0.4327406546737814	-0.0655545070851327	-0.0508775496243323	0.3523993356837548	-0.2061851121643572	0.0338949134480361	-0.1120107074508987	0.0211928189789218	0.3780616501063295	0.0930363661466763	-0.0456229728908326	0.0375606354648642	0.0055305449526316	-0.0439113912193093	-0.0916884458434833
63	-0.4792264025882801	0.5975425586379755	0.6178744483987254	-0.0957128383575898	-0.4904191388365811	0.0891721938046263	-0.057847549729134	0.027013453400728	-0.1265163937196675	-0.0813966578256619	-0.1807891477271238	0.154572933147918	-0.0589947244475702	-0.0410485399469818	0.0689571979140527	-0.039965844261346	-0.0091798359494983	-0.0349497523431925	0.03615864620273	0.0356338500848606
64	0.7672306093175676	-1.0332115214152686	0.0577876958012476	0.2195661309299364	0.2900045530530156	0.122062536240082	-0.015367142859305	-0.0108741169647137	0.1158097971849878	0.001898558063767	-0.0012039298888673	-0.0884690437330203	-0.0163860943542281	0.1703378909091262	0.0345697297096034	0.0070530055073603	0.0123025743629045	-0.0296459921649816	0.0077297557576497	-0.0360190186369609
65	2.070486838965986	-2.931040578708567	0.3727692500707339	0.7791711212645764	0.73350120465267	0.177675470705056	-0.0610494357560232	-0.0896625086044645	0.2207332188109644	0.0938625417595555	0.1432584368542069	-0.1617716732848871	-0.0060112068852082	0.2376263429682364	0.0328452294253936	0.0292272587938262	0.0483718472897473	0.0067105546926371	0.0252529051527305	-0.1123571378374976
66	-1.618518589366725	1.6518526191482523	-0.1208483736047555	-0.556478290646898	-0.5728032305528384	0.3119801145886753	-0.0209806321222628	-0.0184539062856217	0.0965764157470639	-0.0250025109994662	-0.0747226464873454	0.1534862093040614	0.0847771626225715	0.029050019150352	0.0438364533757818	-0.0169278649561965	-0.0039183925634818	0.0041121052903978	-0.0497598490335581	0.001285052601888
67	-0.5693107617010054	1.0707712080768317	-0.0177845017442943	-0.3625867535070062	-0.1978744119916147	0.0317867932902348	-0.1360530613218923	-0.1398586454136796	-0.143085177246946	0.0627233535238531	0.0036661952988155	0.1269433559708837	-0.0787027755033034	-0.0939305498610559	-0.0180030192402434	0.0645611379105484	-0.0141187975643009	-0.0394996721989595	-0.0013265274113708	-0.0314362809706987
68	0.9966598913092926	-1.2797738351561228	0.3746996204504917	0.4305576578157846	0.353520437220964	-0.0025891103701574	-0.1725462928193934	-0.0749332905838481	-0.0121220844962638	-0.0733302025408141	0.0617804146841594	-0.0039821466664126	-0.0960509256695208	0.0369108517483675	0.0293515419735997	-0.004829758090217	-0.0166281683559762	-0.0098825942206329	0.0424008435638974	-0.0184984010986241
69	-1.8179261472963275	2.432777942582848	0.1034034449703018	-0.6018894635090289	-0.7225485482087136	0.4143309835589049	-0.2183811952092358	-0.1142135833617911	0.0626724742103753	-0.3388534879044563	-0.0640312203965171	0.2637191614391804	0.0202897530108227	0.0935305558973665	0.0648255553092499	-0.0425702069629649	-0.0715949797352334	-0.0393125605566122	-0.0693095871390945	-0.0022093550269043
70	-1.772003011642644	2.0750318010878805	-0.0796596737977996	-0.6644911698527767	-0.5909477918930265	0.807951701232227	-0.1669882444440671	-0.1677450359068265	0.367400976725197	-0.3774123988544744	-0.0101665134504074	0.1726471762144575	0.1264362459303817	0.4137183981987299	0.0971343516362362	-0.032153887421956	-0.0353500130123113	-0.0190691775804921	-0.1596614542766151	-0.1305013031953367
71	0.455599963589246	-0.9815894620993584	0.3226080939450807	0.2461616517705944	0.1934867853588559	0.0331593599573537	-0.1529614810713693	0.0102747877728715	-0.018530407292389	-0.1725946875009145	-0.0156152849404625	0.0046140101487931	-0.0847864572049527	0.0809998418805655	0.087889734079909	-0.0586761810924432	-0.0264548292670145	0.0204624926922237	0.0365086875061996	-0.0121886457095903
72	2.5283013325528385	-2.889948569294785	0.6261032518095183	1.0256432039309633	0.5787453332075501	-0.1097517002015555	0.0656503048573929	-0.0124142317238596	0.0594272686132636	0.1849028667520803	0.0873855741766273	-0.1570394155017033	-0.01632395221448	-0.0169626428359048	-0.0231469316390958	0.0272895447633698	0.0822642406878757	-0.0240579613454429	0.0901971261523934	0.0027665307089507
73	-0.4747364251212175	0.5663639037825713	0.1623658206188532	-0.1450606450638598	-0.3207457260282345	0.0179058405450663	-0.0783224669690734	0.0182932180928036	-0.0910432928863152	-0.0337985094744135	-0.0766121964103898	0.1136932756205068	-0.0202603232767819	-0.0640032388499419	0.0425150789997816	-0.0219244639378314	-0.0331243491884342	-0.0314348597394592	0.042083939596304	0.0499216952427249
74	-0.3149677702698373	0.4654999150811492	0.1897859921856327	-0.0484886193882147	0.0538627767691427	-0.2594876628469735	-0.1734598595207994	-0.039409479721149	-0.2590161847256028	-0.1361529428368673	-0.0132699543323088	0.0990590126023419	-0.1737793740968986	-0.1846800528174107	-0.0126829175820215	-0.0176365794276655	-0.0511854203938086	0.0251729214160248	0.0190023898644965	0.0338493653113505
75	-1.6401022736129864	2.3804518172149662	-0.5394896323832433	-0.7661049287129013	-0.2658492084449741	0.1554147234176023	-0.0391318907055307	-0.1554703306773701	0.0079204771964175	-0.0489560426896571	0.043323149625488	0.096005633318096	-0.0017690876682764	-0.0293992847554987	-0.0607949117425633	0.0573680572816686	0.007902421167732	0.019231074976214	-0.124932968264064	-0.0686371254295539
76	1.8982532134032517	-2.532471918705753	0.1129192044640882	0.74759613291946	0.697899313623982	-0.2128255696284993	0.0844809777282767	0.0688720835901699	0.0537657435135949	0.1207875654421908	0.0839676435466822	-0.2125624238462123	-0.0173252103160829	0.0212794797011047	-0.0146455524242183	-0.00129224374479	0.0420766130688222	0.021403150203788	0.061991179971561	0.007265420688745
77	0.8527769473983022	-0.6583033367972364	0.3465384833950304	0.2772681354928533	0.0203279495894532	-0.2186799226767126	0.0207557680910741	0.0260416608600747	-0.1851644466852958	0.0343013427008076	-0.0106165234563158	-0.0167486555002374	-0.0505727759004005	-0.103785000336579	-0.007904850669227	0.0051978679342593	0.0075670189532064	-0.0144417550475108	0.064686518634151	0.0079925643915694
78	-0.0556260482591596	-0.6648546381239393	0.3391441100416676	-0.0105266499314856	0.1552502545557619	0.1946615118581649	-0.1276829425792527	0.0097596319985468	0.0270118802527823	-0.2161397386198062	-0.103822961926495	-0.0053306118111326	-0.1133482738404922	0.2282872503619629	0.1223000003425282	-0.0629551348955447	-0.0108637932984172	0.0426146356741059	-0.0238288437157509	-0.0856146970639062
79	1.1817831980909506	-2.0755477002533067	0.2606481199421317	0.5483109378425939	0.554143709794812	0.1320793111468191	-0.0924296042800134	0.0024870659749193	0.1760093985924582	-0.0953200900817445	0.0409990371822573	-0.1112889599056682	-0.0447001203691973	0.1851962247203322	0.0781222940200938	-0.0464612209882188	0.0187068606403756	0.0264117932900511	0.0224433080746146	-0.0298470737242118
80	1.2287428992837162	-2.024936489909899	0.3038341907434096	0.5792547098634019	0.5899873104742979	-0.0447225997664247	-0.1163386846077748	-0.0115602747064314	0.0524231078044138	-0.0722065859825135	0.0791096470445385	-0.0885515880051914	-0.0781105582166607	0.0959318107125835	0.0370313958036847	-0.0304913600910761	-0.0098836560691605	0.0404863125598847	0.0311281154057703	-0.0325845510255264
81	1.1359971741543666	-1.5956962611402536	0.43710095646585	0.5478687481580873	0.2105576127079112	0.112902472641318	-0.0645255593266176	0.0149943369018378	0.1184651255462433	-0.0708324155550452	0.0188583729087069	-0.0389148256516898	0.0105140241572769	0.1309936825602658	0.0604015429412658	-0.0383065043934534	-0.0050826313524186	-0.0223742718285826	0.0516221519438022	0.0057206657881512
82	0.4897421676991184	-0.5411582951067155	0.3352723348008418	0.1283258244342605	-0.014017231261734	0.0916966082525243	-0.0557263267029443	0.0275727876903037	-0.0202141440688889	-0.1338573788668798	-0.0921790189325955	-0.0098533451113372	-0.0574419972514802	0.1244657654084393	0.0823834127110309	-0.0356897251680735	-0.0055840280207572	-0.0378378793883121	0.03446134474489	-0.0129688955467045
83	1.0192572530506134	-1.1429460079702591	0.5255425890537665	0.4968652262105108	-0.0271274048042226	-0.0898843865982303	-0.0075413537721499	0.0146660103334757	-0.0604577738972189	0.1103235448361864	0.0220196609370391	0.0268301503488755	0.0190640132179752	-0.096293060833147	0.0023325802871094	0.0006722948259894	0.005714677643571	-0.0283004516593446	0.090704313604541	0.0409759618174601
84	0.1009704650305565	-1.2351909331250543	0.1550186148693997	0.1000687872858461	0.1630069712742636	0.2225760923231906	-0.0226577045872781	0.0633527321330231	0.1411475832348407	-0.0208115158716336	-0.0533300866017921	-0.0512374415877811	0.0059064894101399	0.1816045353350714	0.1217117943310885	-0.0596251507453495	0.0313148897807354	0.064473353971452	0.0047730677380568	-0.0567269879853789
85	-0.4438619708141363	0.3665081883863338	0.2117812729324028	-0.104695930092652	-0.2718418943461307	0.3572579953709288	-0.0946294272150507	-0.0419403157380118	0.1531001326969954	-0.1386077305609228	-0.0452594748113005	0.0908723895525887	0.044098167827665	0.1736170520151674	0.0735255989061431	-0.0300531478356027	-0.0183156047379688	-0.0291978277726932	-0.0232771258921173	-0.0235955774995695
86	2.713035945331047	-4.096144119567242	0.2078018005737269	1.1834083920716456	1.017206409699757	-0.3688794683664563	0.2294997771922108	0.1563273327389827	0.1012142402592289	0.2752519971411605	0.1545954457924534	-0.3351829509037092	0.0468898931937243	-0.0009881324951767	-0.0407590990157331	-0.0129331068080596	0.0811244256632781	0.1028648052768276	0.0770939950888299	-0.0112117504672883
87	0.9952097569412632	-1.0262718744384651	0.3666135787684807	0.4228221099347578	0.149710612840525	-0.0346265510326209	-0.0854827960790145	-0.0025643975165272	-0.0247582723946342	-0.0852976216339174	0.0126688470621594	-0.0118584091805672	-0.0461869657866228	0.0071579015666029	0.0353261217427359	-0.0246161535368341	-0.0091207198453597	-0.0340553370096792	0.0640124519709746	0.0291673003069206
88	-1.3415376021722216	1.4448905863157682	-0.2051980016574113	-0.552850814839593	-0.1664453026598048	0.216517528828604	-0.1340802598168395	-0.0813959732536324	0.0244944528081049	-0.1991980664816144	-0.0400722014998763	0.09434826466579	-0.0580435762524497	0.0996499466255459	0.0388092138224981	-0.0141581263192474	-0.0283959264925367	0.024279112145903	-0.0859400480422834	-0.058136354471541
89	3.5761297981310536	-4.178676564632748	0.4213447057458925	1.6148233502325262	1.478977705762255	-0.6682858086473631	-0.0221628932691676	-0.0044741130786337	-0.0599660100882682	0.0079544358693574	0.3001766219482114	-0.2990320963233825	-0.1513779399127824	-0.1736652335906851	-0.1314418796162519	-0.0023551231814195	0.0225602146121074	0.072892159543421	0.0870286139118601	0.0473249160814252
90	-0.9061152154377716	1.8028453763081984	0.2638194556826135	-0.3615766221158122	-0.6537954031698858	0.1883613017893189	-0.0595705538515143	-0.0726167461291335	-0.0647962976702256	-0.1052783787266067	-0.101234144865516	0.1864341530525178	0.0006820411964602	-0.0536970527582457	0.0126962044404386	0.0054756730935335	-0.0075215966810736	-0.0737835549635076	-0.011708595435744	0.0280867552980413
91	0.3459542325732477	-0.5475130403427287	0.3417286261928159	0.2668483579030279	-0.0209414511076624	-0.1505449940560317	-0.0709122223339502	0.0294422350673491	-0.1205517785234233	0.0061931860553074	-0.0044682939643273	0.0573702405877382	-0.0421257373404823	-0.1436440522573135	0.0180486360404308	-0.028660815730864	-0.0164258438207948	0.0054999247891495	0.0729990664845359	0.0613427455511429
92	-1.2967202641585247	1.179818142589713	0.0795608257038158	-0.4746020483090237	-0.4445583830208652	0.5259220261006153	-0.1685434346749254	-0.0986900190496499	0.1719347089961901	-0.1971047095350241	-0.0492071343903372	0.1606080811892914	0.0433148182338796	0.2252811917099399	0.1065490579328218	-0.0304047844220142	-0.0250223486852315	-0.0044290324279128	-0.067240391922888	-0.0781695826343746
93	-0.0357707797614335	-0.3060851307024473	-0.0705119667559074	0.081724490086659	0.1732825115481722	-0.2833142213183638	0.044261112807389	0.0648483476772061	-0.1186172554609553	0.1105871852845715	0.0058097643112698	-0.0239799532635201	-0.0442517834935306	-0.1803786881005711	-0.0385979082167912	-0.0063006880283139	0.0043996096715077	0.055939076392866	0.0239087249981533	0.0487897562862542
94	-2.2991140948091364	3.608021119554284	-0.5142137140645298	-1.0344721221886275	-0.6279322530038566	0.1817680034009407	-0.1288331735389473	-0.1923655978741715	-0.081605886244894	-0.1444125806560243	0.004371684462076	0.2224407314152222	-0.0178727635625641	-0.0803972967553677	-0.0589613016819494	0.0582118158739831	-0.0414715444034341	-0.0311626128343311	-0.1195539730186955	-0.03392478929024
95	-1.518488969196932	1.5730506289803838	0.1139223827875907	-0.5498746864448496	-0.5232059384999379	0.2967697162888236	-0.0906017198138912	-0.0570084292097331	0.0037962129447721	-0.1467038163632216	-0.0859966938428501	0.1683078911526319	0.0018331682157106	0.0519130361621193	0.0669188806451286	-0.0291421445507999	-0.0040774122069356	0.0306015394299749	-0.0635317579402553	-0.0550563430900867
96	-1.171389338284274	1.5738852237603218	-0.084879640783009	-0.5522664005596887	-0.270073636131036	0.215984853011476	-0.1372230375293791	-0.1204128834461657	-0.026392404849256	-0.101392821187388	-0.057677956604292	0.1288811651675834	-0.0696908294392977	0.0530173201422468	0.0207676260877125	0.0245677674584589	-0.0210280189759755	-0.0246052290114787	-0.0611133342894759	-0.0503252954317983
97	2.5616503137602025	-2.4948870737324285	0.5874542269812943	1.0179923841452951	0.7661854957542374	-0.1566882827377631	-0.1859863820842373	-0.1470927502998208	-0.015288326360377	-0.0441948438770262	0.1861254033241031	-0.0898438177441659	-0.1282406038400169	0.0009796706059291	-0.0424334835056019	0.0376356551694895	-0.0056294577531707	-0.053821208867279	0.0773103370641926	-0.0102943910029909
98	0.1421042555053577	-0.6918675881650467	0.0572108332880204	-0.0061101309628058	0.0697777666652588	0.1533890031367364	0.1010973119042068	0.0841776110614871	0.0991349604490953	0.0352631430724911	-0.1143678352080586	-0.0909474372863063	0.0049281185384329	0.1497270373873611	0.076384019848275	-0.0279682165954963	0.0580980273964061	0.0180061657179726	-0.0053423780754711	-0.0361426345902983
99	1.7955684211298573	-1.7209721679785346	0.4746671294305508	0.6846891134847588	0.3036551294857026	-0.1305119587320824	0.0619627627410482	-0.0445444819174867	-0.0206002544568443	0.1820891460565227	0.0899050106072937	-0.0828721189094142	0.0024399508708253	-0.0555944814342202	-0.0576155000204001	0.0527385210801998	0.0491084509785079	-0.0322235160995083	0.0608386558231636	-0.0145423613880945
100	-0.5532787270859868	0.6690358339784511	0.077954199725846	-0.226983330354681	-0.2100885738662203	0.3792684396786572	-0.1448830810677693	-0.1012376759821208	0.1408648843024969	-0.1684325803283841	-0.0178179786343991	0.0937302477934895	0.0089229131742835	0.1785225144986322	0.0658494697180721	-0.0106071897186208	-0.0169972779115895	-0.033846561738132	-0.0423928259901431	-0.04800912100997
101	-0.61724601728133	0.765106058553795	0.1972716008587755	-0.2233373108709577	-0.1390779695895868	0.0489113837800504	-0.2219092553582536	-0.1269593849729477	-0.1318167207231844	-0.1322666801389848	0.0212906169032572	0.1521663110116175	-0.102296152466658	-0.0504545279156481	0.0215597961321184	0.0031690791029306	-0.041946760679367	0.0144540110715119	-0.0137250525262533	-0.043205100859708
102	-1.1231718990926274	1.642730561160944	0.1376585448441654	-0.4099197629228465	-0.4321904512521902	0.1266680605548182	-0.1751173251414744	-0.0814007114350974	-0.0966424820628144	-0.1823797808741039	-0.073761140347233	0.1906214278635984	-0.0693768948196049	-0.0370112680151891	0.0300661436727932	-0.0127293517178583	-0.0512280880605567	-0.0371017072433491	-0.0184075258859565	0.0177799121470631
103	-0.607430241470844	0.3427758811102678	0.1980084452886364	-0.2714678896350856	-0.1521927284233788	0.3432313026413509	-0.1399326890299315	-0.0645358403799809	0.0705897208446456	-0.1681489924035521	-0.0746006267638015	0.0763093795662116	-0.0449111245619682	0.2057824551552812	0.1017517471818893	-0.0268501698737782	-0.0088861026697621	0.0067564321200464	-0.0430513044070243	-0.0893241634648285
104	0.2627934782397477	-0.8987269115412113	0.2845235278854546	0.1820694455215693	0.0167877678855203	-0.0189391969204452	0.0319236978873186	0.124013625828399	-0.0156985604773251	0.0040348803992337	-0.1155291902440379	-0.0273641270352423	-0.0233653742883048	0.0314776416885951	0.076692889664509	-0.0570566740672682	0.0088960804375039	0.0153278801397393	0.0516830496823109	0.0327262171000226
105	-0.0873396562024418	-0.1644773384234021	0.2074127719751881	-0.0025110904471806	0.0771333602860687	0.1807555553853783	-0.1952091568097536	-0.0799303877158199	0.0292423220494064	-0.1873638777201752	0.0057813843934806	0.058567880514993	-0.0785619858699074	0.1027470892504796	0.0728417259961616	-0.0305988750758653	-0.0199298254165992	0.0129125392875643	-0.0111213974974263	-0.0461072781251008
106	-0.7355725203770747	0.2458953049057205	0.014762486935609	-0.1723472949595845	-0.0149379624062326	0.0852405429672513	-0.0346341470619831	0.0194199838977931	0.0328795379477908	-0.0744505724431201	-0.0519709399158656	0.0335971748764948	-0.0319485503371771	0.0291734967630514	0.0409714419673503	-0.040992550618108	0.0037635783724619	0.0630104198066196	-0.039197278626026	-0.0156965350342168
107	-1.1116679029940346	2.571583238808727	-0.6079720517483023	-0.7364758442066073	-0.5062879164451725	-0.019119801209068	0.1323995541916413	-0.0767093777709747	-0.0958891051740349	0.2219615177706523	-0.0477098462675512	0.0674117553051971	0.0436976558392376	-0.1676750174935027	-0.1115485455378511	0.1172230506066613	0.0269154587761727	-0.1077147100501182	-0.035228412604193	0.037888527091899
108	-1.4920939238027024	2.589512128389354	0.0571499536644638	-0.616184907760979	-0.5386514466121322	0.2597795122535563	-0.2951714004017373	-0.2113419921149588	-0.0785065380935341	-0.2876522203216577	-0.0255623195480628	0.2681579257733042	-0.0895361897377765	-0.0025207902470312	0.0095778708056374	0.0189318513057059	-0.0787834872683012	-0.0782752740368242	-0.0575038771374544	-0.0093372552023674
109	0.0345587042363985	-0.2139433687724255	0.2566812477068179	-0.0183531997331258	0.0048409307776149	0.1694241945666194	-0.1783597786642594	-0.0416433491369744	-0.0041174915590464	-0.1827781479453048	-0.0483140647809228	0.0518380362408033	-0.0809925236533905	0.1500806813872746	0.0898436703803798	-0.0307662206604022	-0.039619130297716	-0.0223364249180536	0.0107432602833304	-0.040558687989852
110	-0.2844247593083078	0.1600731131999328	0.0789254879064327	-0.0087102994844091	-0.1758400632646208	0.056417253342435	-0.0169192721574247	0.0546507352262924	0.0323157224933947	-0.0125877773953633	-0.0728162026457974	0.0519793664639197	0.0171445186598708	-0.0140459680540539	0.0359905441611532	-0.0323960313022252	-0.016764889628566	-0.0276627731910022	0.03120091092014	0.0718953765020196
111	0.3700029990335943	-1.5828319190155122	0.0605295433518392	0.155798618186749	0.2791033468772508	0.0880719099570426	0.0318870313813793	0.0993175396498951	0.0912915526435812	0.041528223192497	-0.0309567165353569	-0.1064766561374969	0.0105956157289436	0.1634780066883809	0.1007418787404987	-0.0492657093816919	0.0284674636877535	0.0794266646315655	0.0151794604480006	-0.0674591957084882
112	0.4093979236340865	-0.9505825336093278	0.4932720799285787	0.195205547173357	0.1588408702731078	0.0026572248492675	-0.0917657425519621	0.0350407872358355	-0.0806583390235741	-0.1108136169342476	-0.1105776052352141	-0.0026294243962763	-0.1340267441319144	0.0751237777869559	0.0862014577443464	-0.048247851304128	-0.0023935717229217	0.017392966343302	0.0313948308490579	-0.0235813046961157
113	-1.5514653458682648	2.1652510383913675	-0.1540791057351349	-0.6848107303009726	-0.3413821398163567	0.2268646723461222	-0.2276298222506391	-0.1755168531738095	-0.0568405829958207	-0.2035783495008249	-0.0125601060331399	0.1888345569982612	-0.0843864420725703	0.0301683747803196	0.0145498139312637	0.0216205670808468	-0.0510505310559827	-0.0168756171624888	-0.0801811674272762	-0.0586038359950615
114	0.9050531632539428	-1.6734416004615391	0.0878906694798289	0.4792207993513818	0.5200334236302625	-0.219888283476747	-0.0022091825082056	0.0467370452340879	-0.0095644299002756	0.0621648853249379	0.0824948568480628	-0.101290261961318	-0.0402351856315907	-0.0513330515226862	-0.0129629822486653	-0.0195330721971166	0.0058078162334593	0.0690114038888619	0.0343712192734559	0.0077583180385698
115	1.441857764663814	-2.160333250595716	0.2858593520739772	0.695959248705129	0.4546124343977265	-0.2434514201573566	0.1205734012111605	0.1005803070263972	0.0035928321938154	0.1279756300876451	0.0593626660175763	-0.1467212748903961	0.0127425198849346	-0.0665219040615456	-0.0175353953621939	-0.0238401002816777	0.047048952774634	0.0611122629133903	0.0577425611420297	0.0197313953078875
116	2.4233381802992677	-3.038276096810108	0.245153358358432	1.0339382766854026	0.935784448798475	-0.4303003161766006	0.0554272144198619	0.0272060852209368	-0.0317556710721253	0.1600548808236139	0.1840572394794948	-0.219473961020487	-0.0546508102238751	-0.0894963830547755	-0.0857815150382372	0.0218121299748917	0.0244298163446712	0.0460107066574797	0.0708856220078129	0.0081195426293507
117	-0.5595065178127372	0.8766771416306437	-0.196951406896221	-0.2694009983879311	-0.0189405785634733	-0.0872776838676861	-0.0330818296118079	-0.0003734451851702	-0.0928335454021714	-0.0784707439223155	-0.0593930199040274	0.0204187076800505	-0.0866587647616092	-0.0680551536412759	-0.0078817421703343	-0.0039251044604327	-0.0099003796745821	-0.0082051082031427	-0.0162446408207488	0.0342918799587792
118	-2.9060401525420128	4.761736374124966	-0.6866851889898565	-1.318294302770298	-1.1188961210375143	0.3942738534079318	-0.0117867781361231	-0.2170600561075733	0.0343502642616636	0.0321179778156433	-0.0179618859551325	0.290201631287621	0.1313809064211923	-0.109597121544423	-0.0895777679398868	0.1058791302111667	-0.0058521483649567	-0.0978716370255137	-0.1306013283068541	-0.0025054171719443
119	2.219593997625473	-2.050986348562973	0.6031132915704099	0.918620496510563	0.4970416434128941	-0.0189192082161105	-0.1245298180607825	-0.1120666349640636	0.0621227473716066	-0.0645488559790871	0.1352483151333283	-0.0644864482667983	-0.0569802114344077	0.0295639769733482	-0.0184372164458959	0.0167654411171889	0.0131831590384457	-0.0670308206953483	0.0692578412340809	0.0111863989333847
120	-1.153856651321314	2.0913887348320217	-0.0645441439137615	-0.4984808172589232	-0.3757162735472922	-0.0120833036225196	-0.2324146959685531	-0.1631045450009526	-0.1966023291382747	-0.0996495143106479	0.0058247897676842	0.2222311613759703	-0.104862161589707	-0.1730075306970238	-0.0336709922337201	0.0418207147325842	-0.0661779327661228	-0.0582340281947875	-0.0089271037664168	0.0303427591247447
121	-3.2851078939105416	4.744413330293205	-1.019973701431832	-1.4988584073218427	-1.125595661998981	0.657232562521929	0.0321623693157582	-0.2328601066809348	0.2446218944772852	-0.0324731867878182	0.0868846295538555	0.2358893296683626	0.2723743035810573	0.0914629169015322	-0.0541462568296048	0.0888017264710352	0.0126507160176407	-0.0210275657925543	-0.2078507010952673	-0.1182591354888746
122	-0.9226083922105168	0.9117049223643948	0.2051548310230241	-0.3568519346118665	-0.2065170759424062	0.3734865572234321	-0.2217236836839601	-0.0798751023489056	0.0651827641532777	-0.3334401445999717	-0.1076474836383388	0.1210754607810381	-0.09180363752986	0.2267757812376526	0.1132528319033815	-0.0507186368576033	-0.0434316113512435	-0.0169827859333309	-0.0567888161025186	-0.0582746785292978
123	1.2290147407096252	-1.745548298977437	0.2907771507298282	0.4532871477913988	0.3510959466508174	-0.0476394395435501	0.0414390011647666	0.0482059526144039	0.0163062139735152	0.0553198312470535	-0.007581938144157	-0.1179617677230333	-0.0329079834611923	0.0657907226999255	0.0369318840940984	-0.0123353313165173	0.0408477119564875	0.0117592558196207	0.0464892508765686	-0.024929679188245
124	-3.0784614635019336	5.919728136644884	-1.053122985307765	-1.5651765483104856	-1.1890824102381543	0.385963763429977	0.0411753251924401	-0.2980880276316417	0.0396612483393426	0.0273781690707154	0.0310189265995303	0.2725971937453585	0.1552799432827384	-0.1082736165972372	-0.1763462891633509	0.1707869781446096	-0.0080918150415096	-0.1565286421843919	-0.1832738681225835	-0.0163227536971718
125	-2.544381277388577	4.987796040570469	-1.1138013430002285	-1.4135670558374624	-0.8108022486405494	0.4425141082571248	0.0735274185351282	-0.263222486499866	0.1456995406233591	-0.1146898661457587	0.0407964669932132	0.1293522060956971	0.1347775138109772	0.1028034374825896	-0.1392197727045264	0.1380046617218036	0.0058235793720999	-0.1129956586260815	-0.226025324766893	-0.0919051530247273
126	0.9353459731507782	-1.2695903350283588	0.1396421803899635	0.5016443537869262	0.1455115376354772	-0.2230476608190039	0.0156276357947312	0.0736192509365516	-0.0349736160858584	0.0597450079344722	0.1032684502658214	-0.0363165029005582	0.0635307615165089	-0.1015793515433222	-0.0147342755371738	-0.0251074309155751	-0.0262681408524815	0.0186057256132544	0.0808181650729723	0.0567668929673357
127	2.5406788399389275	-2.8405125358030894	0.0701121654590775	0.9359942287889302	0.7294542329556984	-0.3411512957967813	0.1863743481476596	0.0581291761747396	0.033666926869027	0.2331990510384433	0.1867738454836152	-0.2652470728754584	0.063301307077873	-0.0146185019065405	-0.0888854187647843	0.043410488723774	0.0450819469547416	0.0110965560606876	0.0691222075124507	-0.0151396871148942
128	-1.745387246248972	3.0977416064725607	-0.2981152061972946	-0.8836931034721217	-0.7130270681010361	0.2009365385101604	-0.0546312628525989	-0.1749135061693831	-0.093212775783531	0.0783320248484956	-0.0635540283619174	0.2148554406528239	-0.0065023106961005	-0.1398977418673599	-0.0532156064112043	0.093927351945084	0.0093260225177953	-0.0934284530581809	-0.0549130103704858	0.0039679063664879
129	0.5748334732487906	-0.6167823104372013	0.1875673443294905	0.2689733604661192	0.0440413189009119	-0.2963627522181764	0.0249002941836681	0.0621568977324896	-0.1735577004036239	0.121203642372084	-0.000931730239797	-0.0006074326538824	-0.0318168428704802	-0.1898366123019921	-0.0263087868296657	0.0018877792931624	-0.008050047835063	-0.0052961497437684	0.0821358651776832	0.0683577785822603
130	1.053786219382935	-1.7342696288081043	0.3144523586017629	0.327164795253649	0.3268447233787215	0.0692832683286141	-0.0164418213652043	0.0186059673136476	0.0324009507782303	0.0490088405036333	-0.0247689670501307	-0.0951234721559884	-0.046128821225212	0.1668668050552783	0.0696317224929451	-0.003801698396034	0.0226015004696299	0.0059046922887311	0.0359929809998811	-0.0753877352864768
131	2.155217649223687	-3.552888893968928	0.1647012229911444	0.8625593262130737	0.9326466634367756	-0.0099021353671581	0.0213391566723388	0.0494039041350662	0.2026148300317616	0.080861044981945	0.1337472473186296	-0.2586840854676036	0.0065766864660758	0.2355126588341909	0.0478241491285143	-0.0194504921192387	0.0359036733951665	0.0667752068528728	0.0388953891039776	-0.0871146031635618
132	0.784135059640947	-1.268734180341838	0.0111108003889832	0.2321808580396788	0.2579060985888041	-0.152248410548641	0.1528345870240815	0.1344948042808774	-0.0237073059954693	0.1258571015023789	-0.0659807807346125	-0.1495965299417152	-0.008536602404536	0.0284393677045494	0.0213809021758894	-0.0127832000306313	0.0401244840944767	0.0172057155048312	0.0418229151530497	0.0038163696860037
133	-1.3811472571885433	2.596991003844034	-0.4837784940774661	-0.6309715653028191	-0.5483255485342121	-0.0275113914275362	0.1439414461841711	0.0133081998903625	-0.0411778724581922	0.1306078370723344	-0.1333224477332034	0.0871012271406615	0.0379073450188993	-0.1787164887526826	-0.0915349006523782	0.0569555147231816	0.008912807333675	-0.1063222620750991	-0.0283138574067459	0.1286316584060068
134	-2.4734099829260083	3.554760830673973	-0.3957296562373506	-1.042096798283486	-0.6062227756138878	0.3213482443926779	-0.2143972393123734	-0.2269936045366586	-0.0170057973474311	-0.2504976253458562	0.0068973963516962	0.2549748475555011	-0.0317473764954506	0.0271104985619673	-0.0265360725602924	0.0391904839272506	-0.0644128404403114	-0.0181231965928447	-0.1458258619295525	-0.0701185346679549
135	-0.126995797335958	0.298793010847499	0.1383346750352319	-0.0027894259576447	-0.0431655757892633	-0.2326421813215618	-0.0741943107705707	0.048634874212312	-0.1968266515072841	-0.0864662719217608	-0.0764136521535389	0.0553461471944812	-0.1092176266170729	-0.1223812187043484	0.001516541613744	-0.0265145360192463	-0.0536509595881345	-0.021060382143766	0.0452843069381774	0.0760598990669618
136	0.3680341512133988	-1.6341061304379685	0.1991781735120258	0.2150187332086385	0.2789135004592587	0.1291200763497658	0.0934005918953601	0.1643955834238443	0.1439004725293752	-0.029038140858018	-0.1362297824464024	-0.1375823146134175	-0.0098304547542827	0.2281568730730423	0.1196538991822809	-0.0820685080959664	0.041395312471301	0.0670284982511203	0.0021662920586248	-0.0360875531495491
137	-0.7614386626536459	0.349316185364329	-0.0073179826910029	-0.2125555320950947	0.1642300474458874	-0.0285753481670935	-0.1673729150379198	-0.0340214345120316	-0.0823642749599368	-0.2120922453701686	-0.0115548848638696	0.0507532667754908	-0.1379072853202592	0.006639523793414	0.0391477653201026	-0.0459801497226175	-0.0345918412233653	0.0847646770369423	-0.0484693688828703	-0.0411492179901685
138	0.5838214435875759	-1.181535604913336	-0.1189036669680795	0.206313498176793	0.3855660569610827	-0.2698272415693662	0.1020689924111939	0.1675200043520855	-0.0751724487533685	-0.0295161584375319	-0.051807179278591	-0.1640316109219439	-0.0581832601658179	-0.0009508059886296	0.03400092111703	-0.0570419920076091	0.0151821016138117	0.0618736405564628	0.0325634498109236	0.0212854843592375
139	-0.2207167955044272	0.1375303896415584	-0.0979499946764573	-0.1806949459005891	0.0843707369963532	-0.0639171085822624	0.0361775291319866	0.0643707369332728	-0.0693719749914923	-0.0677160919008738	-0.1067969635712967	-0.0556713592467696	-0.0831794689703084	0.0425358065473272	0.0316039623427882	-0.0222762307256489	0.0091927830772242	0.0154480781352208	-0.0155655410758999	-0.0105954359773894
140	0.2185023715850789	-0.7631714152686294	0.2229821851994244	0.1550148134822806	0.2723054596680216	-0.0974360236016814	-0.0620814964217104	0.035147338409401	-0.0713226361506892	-0.080454059713958	-0.0476119286934335	-0.0283863412778689	-0.116888318951349	0.005359414441348	0.0405584656320412	-0.0404180450459879	-0.0013389761454509	0.0502065177505772	0.009971140878742	-0.0093256553017422
141	1.5314214988328148	-1.170616918814736	-0.0738200226961522	0.5149938239786723	0.2253941829107259	-0.2156321313128255	0.1083826867363117	0.0595391872906477	0.0125624989379068	0.1448441309184765	0.0753808763710239	-0.124939707122585	0.0702546217373021	-0.0441620780199423	-0.0589810442748565	0.033899990429805	-0.0059421852703857	-0.0881542512545148	0.0885899679537175	0.0809709873710693
142	-0.3058150382174905	0.3527502494673281	-0.0638574187275862	-0.1958662441096012	-0.0927556241598761	-0.176326404738634	0.1086413635977137	0.0669054922155148	-0.1465501612971177	0.1058831559975403	-0.0773938113808024	-0.0171849174623275	-0.0284135660454383	-0.0842176153974492	-0.0222469422123873	0.0135503287403218	0.0126427115242508	0.0191946007072226	0.0010795762936729	-0.0025657399912962
