label_id	archetype 1	archetype 2	archetype 3	archetype 4
1	0.7075899326416136	0.0980925113633376	0.1644461541852881	0.0298714018097607
2	0.5840761806639424	0.2782564646683965	0.123664618546063	0.0140027361215982
3	0.869107719802612	0.0580018059951556	0.0686741371450273	0.0042163370572049
4	0.8289047718536425	0.0458881200753131	0.1125243136889789	0.0126827943820652
5	0.1389925714383442	0.4933144704081506	0.2455193797693915	0.1221735783841136
6	0.5674263542145379	0.1425724617277232	0.1998055274345786	0.09019565662316
7	0.49053336329354397	0.1183944678141626	0.2396787963947345	0.1513933724975588
8	0.0099397322473346	0.5696783153119654	0.3056712907025945	0.11471066173810499
9	0.4155050943484052	0.2973928619458934	0.2817895942592557	0.0053124494464456
10	0.207004881882689	0.2421164141893122	0.2131510168806786	0.3377276870473201
11	0.1872030997499469	0.6239464817249512	0.1664554193595191	0.0223949991655827
12	0.7972521448986264	0.0497950658830165	0.145029836236245	0.0079229529821119
13	0.3695184553345035	0.4174989819471505	0.1987451317303692	0.0142374309879766
14	0.1129874357699478	0.68417735631552	0.1830710861641091	0.0197641217504229
15	0.4340616387163673	0.2341247042390782	0.3049126032350139	0.0269010538095406
16	0.4645666670305467	0.2571382363275229	0.2465550371009725	0.0317400595409575
17	0.1891767501435914	0.5901833475604182	0.1319990007787632	0.08864090151722699
18	0.7945127787609709	0.0431595670448674	0.1548630292512939	0.0074646249428681
19	0.1085239006050255	0.2257588000229347	0.2977961723201853	0.3679211270518543
20	0.4393887339384191	0.3953146442745	0.1581134022906133	0.0071832194964675
21	0.5959251619097258	0.1700436150722043	0.2229317273707858	0.0110994956472836
22	0.0208983328871122	0.8122410411580634	0.1437617154936556	0.0230989104611688
23	0.0820726769370814	0.2289236697362063	0.5505973831903681	0.1384062701363442
24	0.1756052957287566	0.3768355168618882	0.2956708839423125	0.1518883034670426
25	0.0449009642416379	0.6490510314346524	0.2118264706111133	0.0942215337125968
26	0.8631737271930602	0.0138019642985479	0.1168148422055611	0.0062094663028309
27	0.3318035591399977	0.2989310142465625	0.1535814477954943	0.2156839788179455
28	0.0582769411686556	0.6586267663850711	0.1460661639975732	0.1370301284487
29	0.0479689843418566	0.3631726203380458	0.4888240027028049	0.1000343926172928
30	0.5625364157272194	0.1276389229212089	0.1974669573945612	0.1123577039570105
31	0.1735922735016394	0.3190065918045315	0.1869848768201274	0.3204162578737017
32	0.4325222436352516	0.3877232664126583	0.1747665650548196	0.0049879248972704
33	0.0995602257163208	0.2781184648411832	0.3159505993271541	0.3063707101153419
34	0.1777886812615109	0.0813905828022017	0.2343702194173018	0.5064505165189855
35	0.598902397817505	0.1196456072463287	0.1491315557484479	0.1323204391877184
36	0.0215566939120666	0.7178797681399124	0.135966761212753	0.1245967767352677
37	0.0657552154180825	0.137680055766294	0.6687680835825216	0.1277966452331013
38	0.9011614801322916	0.0272549548271548	0.0546206398438027	0.0169629251967507
39	0.0283914900998205	0.6572343105349452	0.2211817380962822	0.0931924612689521
40	0.2325007434229013	0.1177758732469009	0.20026429923757502	0.4494590840926225
41	0.0332283686212522	0.8362544668640081	0.1110010592737939	0.0195161052409455
42	0.7405954887297513	0.1330108983981435	0.0965219411666686	0.0298716717054365
43	0.0319326779340049	0.6023097332645799	0.2061407813689286	0.1596168074324867
44	0.0110851344115156	0.7110960744911924	0.2156100748014394	0.0622087162958524
45	0.5781635828575463	0.1613087916314348	0.2509057468075034	0.0096218787035153
46	0.0890471689263009	0.6678386011706946	0.17988905552710197	0.0632251743759026
47	0.0363553800301703	0.5483674809428533	0.2369420542886511	0.17833508473832502
48	0.0102632389532439	0.2780033893693537	0.3169175531892382	0.3948158184881638
49	0.0262468009144674	0.761017026508065	0.1691208824864274	0.0436152900910404
50	0.3076173642433936	0.3604272495427236	0.2199702217919524	0.1119851644219304
51	0.5149681832899929	0.2415574643528952	0.2289124843032177	0.0145618680538941
52	0.1017604118936914	0.6353236529601417	0.1728116186364022	0.0901043165097643
53	0.1134804827536008	0.4426724890052402	0.3726920962892779	0.0711549319518806
54	0.0992975040566638	0.6193222691284755	0.24967435235291197	0.0317058744619484
55	0.0244255707019052	0.286020133244195	0.13617362631939697	0.5533806697345027
56	0.0796232486768591	0.7066198018507385	0.1977129947841805	0.0160439546882215
57	0.0083986016165355	0.7978956065273176	0.1529749380643532	0.0407308537917938
58	0.6732715022823575	0.1048989250237605	0.14069770761234804	0.0811318650815337
59	0.0698407871413796	0.4065953794661183	0.4065086595588554	0.1170551738336466
60	0.8668220256680856	0.0281833977606263	0.0925163508654758	0.012478225705812
61	0.05386021187413599	0.4459657194397111	0.16726102903964402	0.3329130396465093
62	0.7150163566164852	0.1103227076838566	0.10518164464819	0.0694792910514683
63	0.7598534779635391	0.0952731550383392	0.1083372151961485	0.0365361518019736
64	0.0705189946275559	0.5371515172569992	0.1898884425163854	0.2024410455990595
65	0.0186138255923434	0.4893117381719664	0.1866808434105267	0.3053935928251631
66	0.1246808452801951	0.4179341370842768	0.3082475816673156	0.1491374359682122
67	0.1101585102047077	0.7684568710356035	0.1098030883792232	0.0115815303804657
68	0.42822850537351204	0.3477383869553695	0.16265113532142803	0.0613819723496904
69	0.0226246074013259	0.1263156765600001	0.2939473249776261	0.5571123910610476
70	0.0395221525935856	0.7670093127743672	0.1573796221299589	0.0360889125020882
71	0.0495921845153056	0.2681842887100781	0.2572987192616831	0.4249248075129326
72	0.0495618253619919	0.7538870633180115	0.1726020386156267	0.023949072704369998
73	0.0290232344178493	0.7598428587023959	0.174721538931132	0.0364123679486228
74	0.8595581175397295	0.0066020820151162	0.1102236855557166	0.0236161148894372
75	0.1167169877886274	0.6289973035130497	0.2116925262793725	0.04259318241894999
76	0.0270508382223092	0.6520572963735494	0.1527153488935302	0.168176516510611
77	0.377517537704826	0.1088754472337908	0.167655528045495	0.3459514870158882
78	0.1965184835146373	0.4377647891462754	0.1730994282553599	0.1926172990837275
79	0.0113048158283896	0.3136915944250123	0.2590908924062933	0.4159126973403049
80	0.0840057460831682	0.574702725718635	0.2692242167252479	0.0720673114729483
81	0.0240008498445854	0.1357687824171551	0.3067527202664196	0.5334776474718397
82	0.0160586513338222	0.3402070944803374	0.1752067874522573	0.4685274667335827
83	0.0534099458470181	0.5354996545368282	0.2997322432561149	0.1113581563600388
